0.314788 0.000000 -218.590463
0.314788 0.002222 -202.578008
0.314788 0.004444 -199.751404
0.314788 0.006667 -197.694412
0.314788 0.008889 -196.293941
0.314788 0.011111 -195.859762
0.314788 0.013333 -195.245752
0.314788 0.015556 -194.169926
0.314788 0.017778 -193.422657
0.314788 0.020000 -193.123776
0.346204 0.000000 -222.715920
0.346204 0.002222 -206.680439
0.346204 0.004444 -203.838190
0.346204 0.006667 -201.732204
0.346204 0.008889 -200.284739
0.346204 0.011111 -199.870045
0.346204 0.013333 -199.243556
0.346204 0.015556 -198.177787
0.346204 0.017778 -197.413796
0.346204 0.020000 -197.110634
0.377619 0.000000 -226.841378
0.377619 0.002222 -210.782885
0.377619 0.004444 -207.924060
0.377619 0.006667 -205.769990
0.377619 0.008889 -204.277462
0.377619 0.011111 -203.867778
0.377619 0.013333 -203.214857
0.377619 0.015556 -202.176327
0.377619 0.017778 -201.404343
0.377619 0.020000 -201.074538
0.409035 0.000000 -230.966836
0.409035 0.002222 -214.885347
0.409035 0.004444 -212.000974
0.409035 0.006667 -209.807766
0.409035 0.008889 -208.270752
0.409035 0.011111 -207.860336
0.409035 0.013333 -207.172745
0.409035 0.015556 -206.173295
0.409035 0.017778 -205.390188
0.409035 0.020000 -204.995344
0.440451 0.000000 -235.092295
0.440451 0.002222 -218.987824
0.440451 0.004444 -216.059793
0.440451 0.006667 -213.845532
0.440451 0.008889 -212.264331
0.440451 0.011111 -211.856013
0.440451 0.013333 -211.127128
0.440451 0.015556 -210.157665
0.440451 0.017778 -209.349391
0.440451 0.020000 -208.947216
0.471867 0.000000 -239.217754
0.471867 0.002222 -223.090317
0.471867 0.004444 -220.113289
0.471867 0.006667 -217.883288
0.471867 0.008889 -216.258179
0.471867 0.011111 -215.875686
0.471867 0.013333 -215.080869
0.471867 0.015556 -214.119859
0.471867 0.017778 -213.279422
0.471867 0.020000 -212.825240
0.503283 0.000000 -243.343213
0.503283 0.002222 -227.192826
0.503283 0.004444 -224.166363
0.503283 0.006667 -221.921034
0.503283 0.008889 -220.252388
0.503283 0.011111 -219.797127
0.503283 0.013333 -219.034694
0.503283 0.015556 -218.077731
0.503283 0.017778 -217.209876
0.503283 0.020000 -216.722244
0.534699 0.000000 -247.468673
0.534699 0.002222 -231.295350
0.534699 0.004444 -228.219435
0.534699 0.006667 -225.958769
0.534699 0.008889 -224.247267
0.534699 0.011111 -223.748627
0.534699 0.013333 -222.988919
0.534699 0.015556 -222.028804
0.534699 0.017778 -221.153304
0.534699 0.020000 -220.624138
0.566115 0.000000 -251.594133
0.566115 0.002222 -235.397890
0.566115 0.004444 -232.272533
0.566115 0.006667 -229.996493
0.566115 0.008889 -228.243971
0.566115 0.011111 -227.704769
0.566115 0.013333 -226.944209
0.566115 0.015556 -225.967841
0.566115 0.017778 -225.008802
0.566115 0.020000 -224.528073
0.597531 0.000000 -255.719593
0.597531 0.002222 -239.500446
0.597531 0.004444 -236.325663
0.597531 0.006667 -234.034207
0.597531 0.008889 -232.248650
0.597531 0.011111 -231.665312
0.597531 0.013333 -230.903621
0.597531 0.015556 -229.899977
0.597531 0.017778 -228.881446
0.597531 0.020000 -228.421429
