0.063460 -0.020000 -285.600616
0.063460 -0.018333 -285.633081
0.063460 -0.016667 -285.654491
0.063460 -0.015000 -285.675106
0.063460 -0.013333 -285.703676
0.063460 -0.011667 -285.723951
0.063460 -0.010000 -285.741061
0.063460 -0.008333 -285.764885
0.063460 -0.006667 -285.787373
0.063460 -0.005000 -285.814214
0.063460 -0.003333 -272.148230
0.063460 -0.001667 -237.235432
0.063460 0.000000 -186.064018
0.063460 0.001667 -170.891322
0.063460 0.003333 -167.613530
0.063460 0.005000 -166.843926
0.063460 0.006667 -165.638498
0.063460 0.008333 -164.260708
0.063460 0.010000 -164.078151
0.063460 0.011667 -163.223258
0.063460 0.013333 -162.836963
0.063460 0.015000 -162.342184
0.063460 0.016667 -161.903381
0.063460 0.018333 -161.343189
0.063460 0.020000 -161.015187
0.079168 -0.020000 -287.783945
0.079168 -0.018333 -287.824578
0.079168 -0.016667 -287.831859
0.079168 -0.015000 -287.846127
0.079168 -0.013333 -287.883434
0.079168 -0.011667 -287.889557
0.079168 -0.010000 -287.889217
0.079168 -0.008333 -287.926229
0.079168 -0.006667 -287.941110
0.079168 -0.005000 -287.913268
0.079168 -0.003333 -274.219620
0.079168 -0.001667 -239.303559
0.079168 0.000000 -188.126745
0.079168 0.001667 -172.944102
0.079168 0.003333 -169.657372
0.079168 0.005000 -168.886292
0.079168 0.006667 -167.675350
0.079168 0.008333 -166.289584
0.079168 0.010000 -166.106630
0.079168 0.011667 -165.246228
0.079168 0.013333 -164.860032
0.079168 0.015000 -164.360562
0.079168 0.016667 -163.920552
0.079168 0.018333 -163.354221
0.079168 0.020000 -163.024129
0.094876 -0.020000 -289.513919
0.094876 -0.018333 -289.606594
0.094876 -0.016667 -289.547389
0.094876 -0.015000 -289.533431
0.094876 -0.013333 -289.609400
0.094876 -0.011667 -289.574762
0.094876 -0.010000 -289.543497
0.094876 -0.008333 -289.599060
0.094876 -0.006667 -289.602292
0.094876 -0.005000 -289.570888
0.094876 -0.003333 -276.291121
0.094876 -0.001667 -241.371686
0.094876 0.000000 -190.189472
0.094876 0.001667 -174.996883
0.094876 0.003333 -171.701206
0.094876 0.005000 -170.928678
0.094876 0.006667 -169.712376
0.094876 0.008333 -168.318516
0.094876 0.010000 -168.135100
0.094876 0.011667 -167.269172
0.094876 0.013333 -166.883146
0.094876 0.015000 -166.378937
0.094876 0.016667 -165.938954
0.094876 0.018333 -165.365303
0.094876 0.020000 -165.033077
0.110584 -0.020000 -291.074440
0.110584 -0.018333 -291.171692
0.110584 -0.016667 -291.105273
0.110584 -0.015000 -291.091048
0.110584 -0.013333 -291.170212
0.110584 -0.011667 -291.130762
0.110584 -0.010000 -291.098020
0.110584 -0.008333 -291.155778
0.110584 -0.006667 -291.158148
0.110584 -0.005000 -291.133956
0.110584 -0.003333 -278.362738
0.110584 -0.001667 -243.439814
0.110584 0.000000 -192.252199
0.110584 0.001667 -177.049665
0.110584 0.003333 -173.745032
0.110584 0.005000 -172.971083
0.110584 0.006667 -171.749648
0.110584 0.008333 -170.347580
0.110584 0.010000 -170.163560
0.110584 0.011667 -169.292087
0.110584 0.013333 -168.906306
0.110584 0.015000 -168.397308
0.110584 0.016667 -167.960075
0.110584 0.018333 -167.376489
0.110584 0.020000 -167.042031
0.126292 -0.020000 -292.609731
0.126292 -0.018333 -292.708340
0.126292 -0.016667 -292.639772
0.126292 -0.015000 -292.625464
0.126292 -0.013333 -292.705623
0.126292 -0.011667 -292.664673
0.126292 -0.010000 -292.631443
0.126292 -0.008333 -292.689884
0.126292 -0.006667 -292.692154
0.126292 -0.005000 -292.668403
0.126292 -0.003333 -280.434478
0.126292 -0.001667 -245.507941
0.126292 0.000000 -194.314926
0.126292 0.001667 -179.102448
0.126292 0.003333 -175.788850
0.126292 0.005000 -175.013508
0.126292 0.006667 -173.786948
0.126292 0.008333 -172.376938
0.126292 0.010000 -172.192010
0.126292 0.011667 -171.314973
0.126292 0.013333 -170.929511
0.126292 0.015000 -170.415675
0.126292 0.016667 -169.987812
0.126292 0.018333 -169.387892
0.126292 0.020000 -169.050994
0.142000 -0.020000 -294.135600
0.142000 -0.018333 -294.234772
0.142000 -0.016667 -294.165342
0.142000 -0.015000 -294.150975
0.142000 -0.013333 -294.231555
0.142000 -0.011667 -294.189994
0.142000 -0.010000 -294.156538
0.142000 -0.008333 -294.215258
0.142000 -0.006667 -294.217541
0.142000 -0.005000 -294.192023
0.142000 -0.003333 -282.506347
0.142000 -0.001667 -247.576067
0.142000 0.000000 -196.377653
0.142000 0.001667 -181.155233
0.142000 0.003333 -177.832660
0.142000 0.005000 -177.055953
0.142000 0.006667 -175.822360
0.142000 0.008333 -174.406923
0.142000 0.010000 -174.220450
0.142000 0.011667 -173.337825
0.142000 0.013333 -172.952764
0.142000 0.015000 -172.434036
0.142000 0.016667 -172.022471
0.142000 0.018333 -171.399747
0.142000 0.020000 -171.059971
0.157708 -0.020000 -295.657174
0.157708 -0.018333 -295.756625
0.157708 -0.016667 -295.686789
0.157708 -0.015000 -295.672373
0.157708 -0.013333 -295.753163
0.157708 -0.011667 -295.711318
0.157708 -0.010000 -295.677735
0.157708 -0.008333 -295.736587
0.157708 -0.006667 -295.738907
0.157708 -0.005000 -295.711935
0.157708 -0.003333 -284.578351
0.157708 -0.001667 -249.644194
0.157708 0.000000 -198.440380
0.157708 0.001667 -183.208019
0.157708 0.003333 -179.876462
0.157708 0.005000 -179.098419
0.157708 0.006667 -177.849490
0.157708 0.008333 -176.438245
0.157708 0.010000 -176.248876
0.157708 0.011667 -175.360638
0.157708 0.013333 -174.976062
0.157708 0.015000 -174.452390
0.157708 0.016667 -173.997094
0.157708 0.018333 -173.412558
0.157708 0.020000 -173.068972
0.173416 -0.020000 -297.176546
0.173416 -0.018333 -297.276153
0.173416 -0.016667 -297.206107
0.173416 -0.015000 -297.191647
0.173416 -0.013333 -297.272556
0.173416 -0.011667 -297.230566
0.173416 -0.010000 -297.196901
0.173416 -0.008333 -297.255821
0.173416 -0.006667 -297.258185
0.173416 -0.005000 -297.230147
0.173416 -0.003333 -286.650496
0.173416 -0.001667 -251.712320
0.173416 0.000000 -200.503107
0.173416 0.001667 -185.260806
0.173416 0.003333 -181.920255
0.173416 0.005000 -181.140905
0.173416 0.006667 -179.864491
0.173416 0.008333 -178.472465
0.173416 0.010000 -178.277288
0.173416 0.011667 -177.383398
0.173416 0.013333 -176.999408
0.173416 0.015000 -176.470734
0.173416 0.016667 -175.973014
0.173416 0.018333 -175.427503
0.173416 0.020000 -175.078016
0.189124 -0.020000 -298.694670
0.189124 -0.018333 -298.794376
0.189124 -0.016667 -298.724211
0.189124 -0.015000 -298.709711
0.189124 -0.013333 -298.790695
0.189124 -0.011667 -298.748626
0.189124 -0.010000 -298.714899
0.189124 -0.008333 -298.773857
0.189124 -0.006667 -298.776267
0.189124 -0.005000 -298.747398
0.189124 -0.003333 -288.722785
0.189124 -0.001667 -253.780446
0.189124 0.000000 -202.565835
0.189124 0.001667 -187.313595
0.189124 0.003333 -183.964041
0.189124 0.005000 -183.183412
0.189124 0.006667 -181.873949
0.189124 0.008333 -180.512147
0.189124 0.010000 -180.305677
0.189124 0.011667 -179.406080
0.189124 0.013333 -179.022797
0.189124 0.015000 -178.489060
0.189124 0.016667 -177.956408
0.189124 0.018333 -177.447802
0.189124 0.020000 -177.087145
0.204832 -0.020000 -300.212011
0.204832 -0.018333 -300.311787
0.204832 -0.016667 -300.241549
0.204832 -0.015000 -300.227008
0.204832 -0.013333 -300.308047
0.204832 -0.011667 -300.265931
0.204832 -0.010000 -300.232154
0.204832 -0.008333 -300.291135
0.204832 -0.006667 -300.293589
0.204832 -0.005000 -300.264027
0.204832 -0.003333 -290.795220
0.204832 -0.001667 -255.848571
0.204832 0.000000 -204.628562
0.204832 0.001667 -189.366385
0.204832 0.003333 -186.007817
0.204832 0.005000 -185.225941
0.204832 0.006667 -183.882577
0.204832 0.008333 -182.538776
0.204832 0.010000 -182.334034
0.204832 0.011667 -181.428631
0.204832 0.013333 -181.046227
0.204832 0.015000 -180.507356
0.204832 0.016667 -179.942852
0.204832 0.018333 -179.485165
0.204832 0.020000 -179.096441
0.220540 -0.020000 -301.728802
0.220540 -0.018333 -301.828635
0.220540 -0.016667 -301.758346
0.220540 -0.015000 -301.743766
0.220540 -0.013333 -301.824848
0.220540 -0.011667 -301.782703
0.220540 -0.010000 -301.748881
0.220540 -0.008333 -301.807878
0.220540 -0.006667 -301.810375
0.220540 -0.005000 -301.780204
0.220540 -0.003333 -292.867792
0.220540 -0.001667 -257.916697
0.220540 0.000000 -206.691289
0.220540 0.001667 -191.419177
0.220540 0.003333 -188.051586
0.220540 0.005000 -187.268492
0.220540 0.006667 -185.891389
0.220540 0.008333 -184.528843
0.220540 0.010000 -184.362337
0.220540 0.011667 -183.450936
0.220540 0.013333 -183.069689
0.220540 0.015000 -182.525597
0.220540 0.016667 -181.930677
0.220540 0.018333 -181.475074
0.220540 0.020000 -181.106078
0.236248 -0.020000 -303.245171
0.236248 -0.018333 -303.345051
0.236248 -0.016667 -303.274726
0.236248 -0.015000 -303.260107
0.236248 -0.013333 -303.341225
0.236248 -0.011667 -303.299061
0.236248 -0.010000 -303.265197
0.236248 -0.008333 -303.324206
0.236248 -0.006667 -303.326744
0.236248 -0.005000 -303.296024
0.236248 -0.003333 -294.940476
0.236248 -0.001667 -259.984822
0.236248 0.000000 -208.754017
0.236248 0.001667 -193.471970
0.236248 0.003333 -190.095345
0.236248 0.005000 -189.311064
0.236248 0.006667 -187.900430
0.236248 0.008333 -186.522019
0.236248 0.010000 -186.390540
0.236248 0.011667 -185.472728
0.236248 0.013333 -185.093163
0.236248 0.015000 -184.543728
0.236248 0.016667 -183.919189
0.236248 0.018333 -183.435922
0.236248 0.020000 -183.116422
0.251956 -0.020000 -304.761189
0.251956 -0.018333 -304.861110
0.251956 -0.016667 -304.790757
0.251956 -0.015000 -304.776100
0.251956 -0.013333 -304.857250
0.251956 -0.011667 -304.815073
0.251956 -0.010000 -304.781169
0.251956 -0.008333 -304.840187
0.251956 -0.006667 -304.842765
0.251956 -0.005000 -304.811541
0.251956 -0.003333 -297.013208
0.251956 -0.001667 -262.052946
0.251956 0.000000 -210.816745
0.251956 0.001667 -195.524764
0.251956 0.003333 -192.139097
0.251956 0.005000 -191.353659
0.251956 0.006667 -189.909618
0.251956 0.008333 -188.519392
0.251956 0.010000 -188.418555
0.251956 0.011667 -187.493377
0.251956 0.013333 -187.116610
0.251956 0.015000 -186.561630
0.251956 0.016667 -185.908088
0.251956 0.018333 -185.411230
0.251956 0.020000 -185.128307
0.267664 -0.020000 -306.276900
0.267664 -0.018333 -306.376860
0.267664 -0.016667 -306.306485
0.267664 -0.015000 -306.291789
0.267664 -0.013333 -306.372969
0.267664 -0.011667 -306.330782
0.267664 -0.010000 -306.296841
0.267664 -0.008333 -306.355866
0.267664 -0.006667 -306.358483
0.267664 -0.005000 -306.326792
0.267664 -0.003333 -299.085828
0.267664 -0.001667 -264.121070
0.267664 0.000000 -212.879472
0.267664 0.001667 -197.577559
0.267664 0.003333 -194.182839
0.267664 0.005000 -193.396277
0.267664 0.006667 -191.918891
0.267664 0.008333 -190.518731
0.267664 0.010000 -190.446209
0.267664 0.011667 -189.511445
0.267664 0.013333 -189.139952
0.267664 0.015000 -188.579034
0.267664 0.016667 -187.897264
0.267664 0.018333 -187.391215
0.267664 0.020000 -187.143882
0.283372 -0.020000 -307.792338
0.283372 -0.018333 -307.892333
0.283372 -0.016667 -307.821940
0.283372 -0.015000 -307.807206
0.283372 -0.013333 -307.888413
0.283372 -0.011667 -307.846221
0.283372 -0.010000 -307.812243
0.283372 -0.008333 -307.871274
0.283372 -0.006667 -307.873927
0.283372 -0.005000 -307.841804
0.283372 -0.003333 -301.157927
0.283372 -0.001667 -266.189194
0.283372 0.000000 -214.942200
0.283372 0.001667 -199.630356
0.283372 0.003333 -196.226573
0.283372 0.005000 -195.438918
0.283372 0.006667 -193.928211
0.283372 0.008333 -192.518982
0.283372 0.010000 -192.473166
0.283372 0.011667 -191.524477
0.283372 0.013333 -191.163029
0.283372 0.015000 -190.595293
0.283372 0.016667 -189.886725
0.283372 0.018333 -189.373106
0.283372 0.020000 -189.170869
0.299080 -0.020000 -309.307525
0.299080 -0.018333 -309.407553
0.299080 -0.016667 -309.337147
0.299080 -0.015000 -309.322374
0.299080 -0.013333 -309.403607
0.299080 -0.011667 -309.361412
0.299080 -0.010000 -309.327398
0.299080 -0.008333 -309.386434
0.299080 -0.006667 -309.389122
0.299080 -0.005000 -309.356598
0.299080 -0.003333 -303.228467
0.299080 -0.001667 -268.257317
0.299080 0.000000 -217.004928
0.299080 0.001667 -201.683154
0.299080 0.003333 -198.270298
0.299080 0.005000 -197.481582
0.299080 0.006667 -195.937558
0.299080 0.008333 -194.519662
0.299080 0.010000 -194.498809
0.299080 0.011667 -193.530700
0.299080 0.013333 -193.185524
0.299080 0.015000 -192.608946
0.299080 0.016667 -191.876603
0.299080 0.018333 -191.355857
0.299080 0.020000 -191.241468
0.314788 -0.020000 -310.822482
0.314788 -0.018333 -310.922542
0.314788 -0.016667 -310.852126
0.314788 -0.015000 -310.837314
0.314788 -0.013333 -310.918571
0.314788 -0.011667 -310.876376
0.314788 -0.010000 -310.842326
0.314788 -0.008333 -310.901366
0.314788 -0.006667 -310.904088
0.314788 -0.005000 -310.871191
0.314788 -0.003333 -305.295132
0.314788 -0.001667 -270.325440
0.314788 0.000000 -219.067656
0.314788 0.001667 -203.735954
0.314788 0.003333 -200.314015
0.314788 0.005000 -199.524270
0.314788 0.006667 -197.946924
0.314788 0.008333 -196.520539
0.314788 0.010000 -196.522112
0.314788 0.011667 -195.531306
0.314788 0.013333 -195.206814
0.314788 0.015000 -194.617511
0.314788 0.016667 -193.867198
0.314788 0.018333 -193.339008
0.314788 0.020000 -193.152201
0.330496 -0.020000 -312.337227
0.330496 -0.018333 -312.437316
0.330496 -0.016667 -312.366893
0.330496 -0.015000 -312.352043
0.330496 -0.013333 -312.433322
0.330496 -0.011667 -312.391129
0.330496 -0.010000 -312.357046
0.330496 -0.008333 -312.416088
0.330496 -0.006667 -312.418843
0.330496 -0.005000 -312.385599
0.330496 -0.003333 -307.354195
0.330496 -0.001667 -272.393563
0.330496 0.000000 -221.130384
0.330496 0.001667 -205.788755
0.330496 0.003333 -202.357722
0.330496 0.005000 -201.566983
0.330496 0.006667 -199.956303
0.330496 0.008333 -198.521501
0.330496 0.010000 -198.541708
0.330496 0.011667 -197.528841
0.330496 0.013333 -197.225783
0.330496 0.015000 -196.619216
0.330496 0.016667 -195.859065
0.330496 0.018333 -195.322337
0.330496 0.020000 -195.120117
0.346204 -0.020000 -313.851775
0.346204 -0.018333 -313.951892
0.346204 -0.016667 -313.881465
0.346204 -0.015000 -313.866577
0.346204 -0.013333 -313.947877
0.346204 -0.011667 -313.905688
0.346204 -0.010000 -313.871571
0.346204 -0.008333 -313.930615
0.346204 -0.006667 -313.933403
0.346204 -0.005000 -313.899837
0.346204 -0.003333 -309.399954
0.346204 -0.001667 -274.461684
0.346204 0.000000 -223.193112
0.346204 0.001667 -207.841557
0.346204 0.003333 -204.401421
0.346204 0.005000 -203.609721
0.346204 0.006667 -201.965693
0.346204 0.008333 -200.522495
0.346204 0.010000 -200.556484
0.346204 0.011667 -199.524993
0.346204 0.013333 -199.240826
0.346204 0.015000 -198.615227
0.346204 0.016667 -197.852655
0.346204 0.018333 -197.305722
0.346204 0.020000 -197.096610
0.361911 -0.020000 -315.366142
0.361911 -0.018333 -315.466285
0.361911 -0.016667 -315.395857
0.361911 -0.015000 -315.380930
0.361911 -0.013333 -315.462249
0.361911 -0.011667 -315.420067
0.361911 -0.010000 -315.385917
0.361911 -0.008333 -315.444963
0.361911 -0.006667 -315.447781
0.361911 -0.005000 -315.413916
0.361911 -0.003333 -311.422290
0.361911 -0.001667 -276.529806
0.361911 0.000000 -225.255840
0.361911 0.001667 -209.894361
0.361911 0.003333 -206.445110
0.361911 0.005000 -205.652483
0.361911 0.006667 -203.975092
0.361911 0.008333 -202.523492
0.361911 0.010000 -202.566459
0.361911 0.011667 -201.520536
0.361911 0.013333 -201.250617
0.361911 0.015000 -200.607947
0.361911 0.016667 -199.843371
0.361911 0.018333 -199.289068
0.361911 0.020000 -199.076374
0.377619 -0.020000 -316.880340
0.377619 -0.018333 -316.980508
0.377619 -0.016667 -316.910081
0.377619 -0.015000 -316.895116
0.377619 -0.013333 -316.976453
0.377619 -0.011667 -316.934280
0.377619 -0.010000 -316.900098
0.377619 -0.008333 -316.959143
0.377619 -0.006667 -316.961992
0.377619 -0.005000 -316.927849
0.377619 -0.003333 -313.405320
0.377619 -0.001667 -278.597926
0.377619 0.000000 -227.318569
0.377619 0.001667 -211.947165
0.377619 0.003333 -208.488791
0.377619 0.005000 -207.695271
0.377619 0.006667 -205.984501
0.377619 0.008333 -204.524480
0.377619 0.010000 -204.572823
0.377619 0.011667 -203.515801
0.377619 0.013333 -203.255314
0.377619 0.015000 -202.598775
0.377619 0.016667 -201.813923
0.377619 0.018333 -201.272262
0.377619 0.020000 -201.058032
0.393327 -0.020000 -318.394382
0.393327 -0.018333 -318.494573
0.393327 -0.016667 -318.424150
0.393327 -0.015000 -318.409146
0.393327 -0.013333 -318.490501
0.393327 -0.011667 -318.448338
0.393327 -0.010000 -318.414124
0.393327 -0.008333 -318.473168
0.393327 -0.006667 -318.476047
0.393327 -0.005000 -318.441645
0.393327 -0.003333 -315.349519
0.393327 -0.001667 -280.666046
0.393327 0.000000 -229.381297
0.393327 0.001667 -213.999972
0.393327 0.003333 -210.532462
0.393327 0.005000 -209.738085
0.393327 0.006667 -207.993919
0.393327 0.008333 -206.525451
0.393327 0.010000 -206.577130
0.393327 0.011667 -205.510939
0.393327 0.013333 -205.256394
0.393327 0.015000 -204.587971
0.393327 0.016667 -203.772552
0.393327 0.018333 -203.255123
0.393327 0.020000 -203.041608
0.409035 -0.020000 -319.908279
0.409035 -0.018333 -320.008492
0.409035 -0.016667 -319.938075
0.409035 -0.015000 -319.923032
0.409035 -0.013333 -320.004403
0.409035 -0.011667 -319.962252
0.409035 -0.010000 -319.928007
0.409035 -0.008333 -319.987049
0.409035 -0.006667 -319.989958
0.409035 -0.005000 -319.955316
0.409035 -0.003333 -317.268106
0.409035 -0.001667 -282.734165
0.409035 0.000000 -231.444025
0.409035 0.001667 -216.052779
0.409035 0.003333 -212.576124
0.409035 0.005000 -211.780926
0.409035 0.006667 -210.003347
0.409035 0.008333 -208.526402
0.409035 0.010000 -208.580754
0.409035 0.011667 -207.506043
0.409035 0.013333 -207.255406
0.409035 0.015000 -206.574981
0.409035 0.016667 -205.732295
0.409035 0.018333 -205.237316
0.409035 0.020000 -205.028501
0.424743 -0.020000 -321.422041
0.424743 -0.018333 -321.522275
0.424743 -0.016667 -321.451866
0.424743 -0.015000 -321.436785
0.424743 -0.013333 -321.518171
0.424743 -0.011667 -321.476033
0.424743 -0.010000 -321.441757
0.424743 -0.008333 -321.500797
0.424743 -0.006667 -321.503735
0.424743 -0.005000 -321.468869
0.424743 -0.003333 -319.170033
0.424743 -0.001667 -284.802284
0.424743 0.000000 -233.506754
0.424743 0.001667 -218.105588
0.424743 0.003333 -214.619777
0.424743 0.005000 -213.823793
0.424743 0.006667 -212.012784
0.424743 0.008333 -210.527332
0.424743 0.010000 -210.584910
0.424743 0.011667 -209.501184
0.424743 0.013333 -209.253364
0.424743 0.015000 -208.558668
0.424743 0.016667 -207.694524
0.424743 0.018333 -207.218256
0.424743 0.020000 -207.023440
0.440451 -0.020000 -322.935678
0.440451 -0.018333 -323.035932
0.440451 -0.016667 -322.965533
0.440451 -0.015000 -322.950413
0.440451 -0.013333 -323.031814
0.440451 -0.011667 -322.989691
0.440451 -0.010000 -322.955385
0.440451 -0.008333 -323.014422
0.440451 -0.006667 -323.017388
0.440451 -0.005000 -322.982314
0.440451 -0.003333 -320.933557
0.440451 -0.001667 -286.870402
0.440451 0.000000 -235.569482
0.440451 0.001667 -220.158399
0.440451 0.003333 -216.663420
0.440451 0.005000 -215.866687
0.440451 0.006667 -214.022232
0.440451 0.008333 -212.528239
0.440451 0.010000 -212.590406
0.440451 0.011667 -211.496399
0.440451 0.013333 -211.250822
0.440451 0.015000 -210.537783
0.440451 0.016667 -209.659423
0.440451 0.018333 -209.197004
0.440451 0.020000 -209.026530
0.456159 -0.020000 -324.449199
0.456159 -0.018333 -324.549472
0.456159 -0.016667 -324.479085
0.456159 -0.015000 -324.463926
0.456159 -0.013333 -324.545340
0.456159 -0.011667 -324.503233
0.456159 -0.010000 -324.468898
0.456159 -0.008333 -324.527931
0.456159 -0.006667 -324.530926
0.456159 -0.005000 -324.495658
0.456159 -0.003333 -322.687361
0.456159 -0.001667 -288.938518
0.456159 0.000000 -237.632211
0.456159 0.001667 -222.211210
0.456159 0.003333 -218.707054
0.456159 0.005000 -217.909609
0.456159 0.006667 -216.031689
0.456159 0.008333 -214.529123
0.456159 0.010000 -214.592436
0.456159 0.011667 -213.491470
0.456159 0.013333 -213.248064
0.456159 0.015000 -212.511829
0.456159 0.016667 -211.627215
0.456159 0.018333 -211.172342
0.456159 0.020000 -210.957722
0.471867 -0.020000 -325.962613
0.471867 -0.018333 -326.062902
0.471867 -0.016667 -325.992530
0.471867 -0.015000 -325.977332
0.471867 -0.013333 -326.058759
0.471867 -0.011667 -326.016669
0.471867 -0.010000 -325.982305
0.471867 -0.008333 -326.041333
0.471867 -0.006667 -326.044356
0.471867 -0.005000 -326.008908
0.471867 -0.003333 -324.440797
0.471867 -0.001667 -291.006634
0.471867 0.000000 -239.694940
0.471867 0.001667 -224.264023
0.471867 0.003333 -220.750678
0.471867 0.005000 -219.952560
0.471867 0.006667 -218.041157
0.471867 0.008333 -216.529984
0.471867 0.010000 -216.573251
0.471867 0.011667 -215.484889
0.471867 0.013333 -215.245237
0.471867 0.015000 -214.481500
0.471867 0.016667 -213.589085
0.471867 0.018333 -213.143223
0.471867 0.020000 -212.899023
0.487575 -0.020000 -327.475926
0.487575 -0.018333 -327.576232
0.487575 -0.016667 -327.505875
0.487575 -0.015000 -327.490638
0.487575 -0.013333 -327.572076
0.487575 -0.011667 -327.530005
0.487575 -0.010000 -327.495613
0.487575 -0.008333 -327.554635
0.487575 -0.006667 -327.557686
0.487575 -0.005000 -327.522070
0.487575 -0.003333 -326.183614
0.487575 -0.001667 -293.074749
0.487575 0.000000 -241.757668
0.487575 0.001667 -226.316838
0.487575 0.003333 -222.794293
0.487575 0.005000 -221.995539
0.487575 0.006667 -220.050635
0.487575 0.008333 -218.530821
0.487575 0.010000 -218.542388
0.487575 0.011667 -217.471614
0.487575 0.013333 -217.242420
0.487575 0.015000 -216.448047
0.487575 0.016667 -215.524978
0.487575 0.018333 -215.109427
0.487575 0.020000 -214.847935
0.503283 -0.020000 -328.989145
0.503283 -0.018333 -329.089467
0.503283 -0.016667 -329.019126
0.503283 -0.015000 -329.003852
0.503283 -0.013333 -329.085300
0.503283 -0.011667 -329.043249
0.503283 -0.010000 -329.008828
0.503283 -0.008333 -329.067845
0.503283 -0.006667 -329.070924
0.503283 -0.005000 -329.035151
0.503283 -0.003333 -327.909912
0.503283 -0.001667 -295.142863
0.503283 0.000000 -243.820397
0.503283 0.001667 -228.369653
0.503283 0.003333 -224.837898
0.503283 0.005000 -224.038547
0.503283 0.006667 -222.060125
0.503283 0.008333 -220.531634
0.503283 0.010000 -220.512366
0.503283 0.011667 -219.447082
0.503283 0.013333 -219.239665
0.503283 0.015000 -218.412437
0.503283 0.016667 -217.454342
0.503283 0.018333 -217.071730
0.503283 0.020000 -216.799849
0.518991 -0.020000 -330.502277
0.518991 -0.018333 -330.602613
0.518991 -0.016667 -330.532292
0.518991 -0.015000 -330.516978
0.518991 -0.013333 -330.598437
0.518991 -0.011667 -330.556407
0.518991 -0.010000 -330.521958
0.518991 -0.008333 -330.580968
0.518991 -0.006667 -330.584074
0.518991 -0.005000 -330.548156
0.518991 -0.003333 -329.617548
0.518991 -0.001667 -297.210976
0.518991 0.000000 -245.883126
0.518991 0.001667 -230.422471
0.518991 0.003333 -226.881493
0.518991 0.005000 -226.081584
0.518991 0.006667 -224.069625
0.518991 0.008333 -222.532424
0.518991 0.010000 -222.483896
0.518991 0.011667 -221.415863
0.518991 0.013333 -221.237028
0.518991 0.015000 -220.374948
0.518991 0.016667 -219.386125
0.518991 0.018333 -219.031357
0.518991 0.020000 -218.753200
0.534699 -0.020000 -332.015328
0.534699 -0.018333 -332.115678
0.534699 -0.016667 -332.045376
0.534699 -0.015000 -332.030024
0.534699 -0.013333 -332.111493
0.534699 -0.011667 -332.069484
0.534699 -0.010000 -332.035008
0.534699 -0.008333 -332.094010
0.534699 -0.006667 -332.097144
0.534699 -0.005000 -332.061089
0.534699 -0.003333 -331.308766
0.534699 -0.001667 -299.279087
0.534699 0.000000 -247.945855
0.534699 0.001667 -232.475289
0.534699 0.003333 -228.925078
0.534699 0.005000 -228.124652
0.534699 0.006667 -226.079138
0.534699 0.008333 -224.533189
0.534699 0.010000 -224.456314
0.534699 0.011667 -223.383116
0.534699 0.013333 -223.234593
0.534699 0.015000 -222.334857
0.534699 0.016667 -221.319666
0.534699 0.018333 -220.989389
0.534699 0.020000 -220.707432
0.550407 -0.020000 -333.528303
0.550407 -0.018333 -333.628666
0.550407 -0.016667 -333.558385
0.550407 -0.015000 -333.542995
0.550407 -0.013333 -333.624472
0.550407 -0.011667 -333.582485
0.550407 -0.010000 -333.547982
0.550407 -0.008333 -333.606977
0.550407 -0.006667 -333.610138
0.550407 -0.005000 -333.573956
0.550407 -0.003333 -332.989067
0.550407 -0.001667 -301.347198
0.550407 0.000000 -250.008585
0.550407 0.001667 -234.528109
0.550407 0.003333 -230.968654
0.550407 0.005000 -230.167750
0.550407 0.006667 -228.088663
0.550407 0.008333 -226.533931
0.550407 0.010000 -226.429182
0.550407 0.011667 -225.350535
0.550407 0.013333 -225.232517
0.550407 0.015000 -224.289759
0.550407 0.016667 -223.254087
0.550407 0.018333 -222.946548
0.550407 0.020000 -222.662373
0.566115 -0.020000 -335.041207
0.566115 -0.018333 -335.141583
0.566115 -0.016667 -335.071323
0.566115 -0.015000 -335.055894
0.566115 -0.013333 -335.137380
0.566115 -0.011667 -335.095417
0.566115 -0.010000 -335.060887
0.566115 -0.008333 -335.119874
0.566115 -0.006667 -335.123061
0.566115 -0.005000 -335.086761
0.566115 -0.003333 -334.665650
0.566115 -0.001667 -303.415306
0.566115 0.000000 -252.071314
0.566115 0.001667 -236.580930
0.566115 0.003333 -233.012219
0.566115 0.005000 -232.210880
0.566115 0.006667 -230.098200
0.566115 0.008333 -228.534648
0.566115 0.010000 -228.402267
0.566115 0.011667 -227.318685
0.566115 0.013333 -227.231127
0.566115 0.015000 -226.234807
0.566115 0.016667 -225.188847
0.566115 0.018333 -224.903256
0.566115 0.020000 -224.617556
0.581823 -0.020000 -336.554045
0.581823 -0.018333 -336.654432
0.581823 -0.016667 -336.584195
0.581823 -0.015000 -336.568728
0.581823 -0.013333 -336.650221
0.581823 -0.011667 -336.608282
0.581823 -0.010000 -336.573725
0.581823 -0.008333 -336.632704
0.581823 -0.006667 -336.635918
0.581823 -0.005000 -336.599508
0.581823 -0.003333 -336.345462
0.581823 -0.001667 -305.483414
0.581823 0.000000 -254.134043
0.581823 0.001667 -238.633752
0.581823 0.003333 -235.055775
0.581823 0.005000 -234.254041
0.581823 0.006667 -232.107749
0.581823 0.008333 -230.535341
0.581823 0.010000 -230.375449
0.581823 0.011667 -229.288274
0.581823 0.013333 -229.231148
0.581823 0.015000 -228.165032
0.581823 0.016667 -227.123535
0.581823 0.018333 -226.859737
0.581823 0.020000 -226.569692
0.597531 -0.020000 -338.066820
0.597531 -0.018333 -338.167218
0.597531 -0.016667 -338.097005
0.597531 -0.015000 -338.081500
0.597531 -0.013333 -338.163000
0.597531 -0.011667 -338.121085
0.597531 -0.010000 -338.086503
0.597531 -0.008333 -338.145472
0.597531 -0.006667 -338.148712
0.597531 -0.005000 -338.112200
0.597531 -0.003333 -337.972043
0.597531 -0.001667 -307.551520
0.597531 0.000000 -256.196772
0.597531 0.001667 -240.686576
0.597531 0.003333 -237.099320
0.597531 0.005000 -236.297234
0.597531 0.006667 -234.117312
0.597531 0.008333 -232.536009
0.597531 0.010000 -232.348668
0.597531 0.011667 -231.260931
0.597531 0.013333 -231.234360
0.597531 0.015000 -230.080643
0.597531 0.016667 -229.057678
0.597531 0.018333 -228.816109
0.597531 0.020000 -228.510027
0.613239 -0.020000 -339.579536
0.613239 -0.018333 -339.679944
0.613239 -0.016667 -339.609756
0.613239 -0.015000 -339.594213
0.613239 -0.013333 -339.675719
0.613239 -0.011667 -339.633830
0.613239 -0.010000 -339.599222
0.613239 -0.008333 -339.658182
0.613239 -0.006667 -339.661449
0.613239 -0.005000 -339.624840
0.613239 -0.003333 -339.551852
0.613239 -0.001667 -309.619624
0.613239 0.000000 -258.259502
0.613239 0.001667 -242.739402
0.613239 0.003333 -239.142854
0.613239 0.005000 -238.340460
0.613239 0.006667 -236.126889
0.613239 0.008333 -234.536653
0.613239 0.010000 -234.321887
0.613239 0.011667 -233.240185
0.613239 0.013333 -233.246301
0.613239 0.015000 -231.985174
0.613239 0.016667 -230.990539
0.613239 0.018333 -230.772431
0.613239 0.020000 -230.438666
0.628947 -0.020000 -341.092198
0.628947 -0.018333 -341.192615
0.628947 -0.016667 -341.122453
0.628947 -0.015000 -341.106872
0.628947 -0.013333 -341.188384
0.628947 -0.011667 -341.146521
0.628947 -0.010000 -341.111887
0.628947 -0.008333 -341.170838
0.628947 -0.006667 -341.174130
0.628947 -0.005000 -341.137432
0.628947 -0.003333 -341.145651
0.628947 -0.001667 -311.687726
0.628947 0.000000 -260.322232
0.628947 0.001667 -244.792228
0.628947 0.003333 -241.186379
0.628947 0.005000 -240.383719
0.628947 0.006667 -238.136480
0.628947 0.008333 -236.537273
0.628947 0.010000 -236.295081
0.628947 0.011667 -235.209914
0.628947 0.013333 -235.274465
0.628947 0.015000 -233.881200
0.628947 0.016667 -232.920924
0.628947 0.018333 -232.728733
0.628947 0.020000 -232.364308
0.644655 -0.020000 -342.604807
0.644655 -0.018333 -342.705234
0.644655 -0.016667 -342.635098
0.644655 -0.015000 -342.619479
0.644655 -0.013333 -342.700997
0.644655 -0.011667 -342.659160
0.644655 -0.010000 -342.624501
0.644655 -0.008333 -342.683441
0.644655 -0.006667 -342.686760
0.644655 -0.005000 -342.649978
0.644655 -0.003333 -342.773932
0.644655 -0.001667 -313.755827
0.644655 0.000000 -262.384961
0.644655 0.001667 -246.845056
0.644655 0.003333 -243.229893
0.644655 0.005000 -242.427011
0.644655 0.006667 -240.146085
0.644655 0.008333 -238.537867
0.644655 0.010000 -238.268216
0.644655 0.011667 -237.135496
0.644655 0.013333 -237.208983
0.644655 0.015000 -235.770861
0.644655 0.016667 -234.847275
0.644655 0.018333 -234.685031
0.644655 0.020000 -234.290116
0.660363 -0.020000 -344.117368
0.660363 -0.018333 -344.217803
0.660363 -0.016667 -344.147694
0.660363 -0.015000 -344.132037
0.660363 -0.013333 -344.213560
0.660363 -0.011667 -344.171750
0.660363 -0.010000 -344.137066
0.660363 -0.008333 -344.195996
0.660363 -0.006667 -344.199341
0.660363 -0.005000 -344.162480
0.660363 -0.003333 -344.279596
0.660363 -0.001667 -315.823925
0.660363 0.000000 -264.447691
0.660363 0.001667 -248.897885
0.660363 0.003333 -245.273396
0.660363 0.005000 -244.470338
0.660363 0.006667 -242.155705
0.660363 0.008333 -240.538437
0.660363 0.010000 -240.241240
0.660363 0.011667 -239.066004
0.660363 0.013333 -239.158308
0.660363 0.015000 -237.656439
0.660363 0.016667 -236.768476
0.660363 0.018333 -236.641332
0.660363 0.020000 -236.216441
0.676071 -0.020000 -345.629882
0.676071 -0.018333 -345.730326
0.676071 -0.016667 -345.660244
0.676071 -0.015000 -345.644549
0.676071 -0.013333 -345.726077
0.676071 -0.011667 -345.684294
0.676071 -0.010000 -345.649586
0.676071 -0.008333 -345.708505
0.676071 -0.006667 -345.711875
0.676071 -0.005000 -345.674942
0.676071 -0.003333 -345.802845
0.676071 -0.001667 -317.892021
0.676071 0.000000 -266.510421
0.676071 0.001667 -250.950716
0.676071 0.003333 -247.316889
0.676071 0.005000 -246.513700
0.676071 0.006667 -244.165341
0.676071 0.008333 -242.538982
0.676071 0.010000 -242.214047
0.676071 0.011667 -241.001723
0.676071 0.013333 -241.108217
0.676071 0.015000 -239.539737
0.676071 0.016667 -238.684841
0.676071 0.018333 -238.597641
0.676071 0.020000 -238.143250
0.691779 -0.020000 -347.142353
0.691779 -0.018333 -347.242804
0.691779 -0.016667 -347.172750
0.691779 -0.015000 -347.157018
0.691779 -0.013333 -347.238550
0.691779 -0.011667 -347.196795
0.691779 -0.010000 -347.162063
0.691779 -0.008333 -347.220970
0.691779 -0.006667 -347.224366
0.691779 -0.005000 -347.187365
0.691779 -0.003333 -347.312987
0.691779 -0.001667 -319.960115
0.691779 0.000000 -268.573151
0.691779 0.001667 -253.003548
0.691779 0.003333 -249.360371
0.691779 0.005000 -248.557097
0.691779 0.006667 -246.174992
0.691779 0.008333 -244.539502
0.691779 0.010000 -244.186418
0.691779 0.011667 -242.940071
0.691779 0.013333 -243.054395
0.691779 0.015000 -241.421843
0.691779 0.016667 -240.597788
0.691779 0.018333 -240.553959
0.691779 0.020000 -240.070634
0.707487 -0.020000 -348.654783
0.707487 -0.018333 -348.755240
0.707487 -0.016667 -348.685215
0.707487 -0.015000 -348.669446
0.707487 -0.013333 -348.750982
0.707487 -0.011667 -348.709255
0.707487 -0.010000 -348.674498
0.707487 -0.008333 -348.733394
0.707487 -0.006667 -348.736816
0.707487 -0.005000 -348.699751
0.707487 -0.003333 -348.813887
0.707487 -0.001667 -322.028206
0.707487 0.000000 -270.635881
0.707487 0.001667 -255.056381
0.707487 0.003333 -251.403842
0.707487 0.005000 -250.600530
0.707487 0.006667 -248.184660
0.707487 0.008333 -246.539996
0.707487 0.010000 -246.157893
0.707487 0.011667 -244.879902
0.707487 0.013333 -244.998869
0.707487 0.015000 -243.303335
0.707487 0.016667 -242.508732
0.707487 0.018333 -242.510287
0.707487 0.020000 -241.998973
0.723195 -0.020000 -350.167173
0.723195 -0.018333 -350.267637
0.723195 -0.016667 -350.197641
0.723195 -0.015000 -350.181834
0.723195 -0.013333 -350.263374
0.723195 -0.011667 -350.221675
0.723195 -0.010000 -350.186894
0.723195 -0.008333 -350.245779
0.723195 -0.006667 -350.249226
0.723195 -0.005000 -350.212101
0.723195 -0.003333 -350.315763
0.723195 -0.001667 -324.096294
0.723195 0.000000 -272.698611
0.723195 0.001667 -257.109216
0.723195 0.003333 -253.447302
0.723195 0.005000 -252.644000
0.723195 0.006667 -250.194346
0.723195 0.008333 -248.540466
0.723195 0.010000 -248.127510
0.723195 0.011667 -246.819054
0.723195 0.013333 -246.943278
0.723195 0.015000 -245.184505
0.723195 0.016667 -244.418581
0.723195 0.018333 -244.466624
0.723195 0.020000 -243.929186
0.738903 -0.020000 -351.679525
0.738903 -0.018333 -351.779996
0.738903 -0.016667 -351.710030
0.738903 -0.015000 -351.694185
0.738903 -0.013333 -351.775728
0.738903 -0.011667 -351.734058
0.738903 -0.010000 -351.699254
0.738903 -0.008333 -351.758127
0.738903 -0.006667 -351.761599
0.738903 -0.005000 -351.724419
0.738903 -0.003333 -351.819946
0.738903 -0.001667 -326.164379
0.738903 0.000000 -274.761341
0.738903 0.001667 -259.162052
0.738903 0.003333 -255.490751
0.738903 0.005000 -254.687506
0.738903 0.006667 -252.204049
0.738903 0.008333 -250.540910
0.738903 0.010000 -250.093547
0.738903 0.011667 -248.749387
0.738903 0.013333 -248.887507
0.738903 0.015000 -247.065499
0.738903 0.016667 -246.327773
0.738903 0.018333 -246.422966
0.738903 0.020000 -245.863065
0.754611 -0.020000 -353.191842
0.754611 -0.018333 -353.292318
0.754611 -0.016667 -353.222383
0.754611 -0.015000 -353.206501
0.754611 -0.013333 -353.288046
0.754611 -0.011667 -353.246405
0.754611 -0.010000 -353.211578
0.754611 -0.008333 -353.270438
0.754611 -0.006667 -353.273936
0.754611 -0.005000 -353.236704
0.754611 -0.003333 -353.325706
0.754611 -0.001667 -328.232461
0.754611 0.000000 -276.824072
0.754611 0.001667 -261.214890
0.754611 0.003333 -257.534189
0.754611 0.005000 -256.731051
0.754611 0.006667 -254.213770
0.754611 0.008333 -252.541328
0.754611 0.010000 -252.054035
0.754611 0.011667 -250.665164
0.754611 0.013333 -250.826454
0.754611 0.015000 -248.946387
0.754611 0.016667 -248.236409
0.754611 0.018333 -248.379303
0.754611 0.020000 -247.797940
0.770319 -0.020000 -354.704125
0.770319 -0.018333 -354.804606
0.770319 -0.016667 -354.734701
0.770319 -0.015000 -354.718783
0.770319 -0.013333 -354.800331
0.770319 -0.011667 -354.758719
0.770319 -0.010000 -354.723868
0.770319 -0.008333 -354.782716
0.770319 -0.006667 -354.786239
0.770319 -0.005000 -354.748958
0.770319 -0.003333 -354.832445
0.770319 -0.001667 -330.300540
0.770319 0.000000 -278.886802
0.770319 0.001667 -263.267729
0.770319 0.003333 -259.577616
0.770319 0.005000 -258.774633
0.770319 0.006667 -256.223511
0.770319 0.008333 -254.541721
0.770319 0.010000 -254.008571
0.770319 0.011667 -252.575453
0.770319 0.013333 -252.748251
0.770319 0.015000 -250.827206
0.770319 0.016667 -250.144289
0.770319 0.018333 -250.335617
0.770319 0.020000 -249.700754
0.786026 -0.020000 -356.216375
0.786026 -0.018333 -356.316862
0.786026 -0.016667 -356.246988
0.786026 -0.015000 -356.231032
0.786026 -0.013333 -356.312582
0.786026 -0.011667 -356.271000
0.786026 -0.010000 -356.236126
0.786026 -0.008333 -356.294962
0.786026 -0.006667 -356.298509
0.786026 -0.005000 -356.261184
0.786026 -0.003333 -356.339817
0.786026 -0.001667 -332.368614
0.786026 0.000000 -280.949533
0.786026 0.001667 -265.320569
0.786026 0.003333 -261.621032
0.786026 0.005000 -260.818254
0.786026 0.006667 -258.233271
0.786026 0.008333 -256.542088
0.786026 0.010000 -255.958808
0.786026 0.011667 -254.485577
0.786026 0.013333 -254.655250
0.786026 0.015000 -252.707971
0.786026 0.016667 -252.050860
0.786026 0.018333 -252.291868
0.786026 0.020000 -251.590796
0.801734 -0.020000 -357.728595
0.801734 -0.018333 -357.829085
0.801734 -0.016667 -357.759243
0.801734 -0.015000 -357.743251
0.801734 -0.013333 -357.824802
0.801734 -0.011667 -357.783250
0.801734 -0.010000 -357.748354
0.801734 -0.008333 -357.807176
0.801734 -0.006667 -357.810748
0.801734 -0.005000 -357.773381
0.801734 -0.003333 -357.847633
0.801734 -0.001667 -334.436685
0.801734 0.000000 -283.012263
0.801734 0.001667 -267.373410
0.801734 0.003333 -263.664435
0.801734 0.005000 -262.861913
0.801734 0.006667 -260.243052
0.801734 0.008333 -258.542430
0.801734 0.010000 -257.906690
0.801734 0.011667 -256.396206
0.801734 0.013333 -256.554884
0.801734 0.015000 -254.588691
0.801734 0.016667 -253.955121
0.801734 0.018333 -254.247974
0.801734 0.020000 -253.485240
0.817442 -0.020000 -359.240784
0.817442 -0.018333 -359.341279
0.817442 -0.016667 -359.271468
0.817442 -0.015000 -359.255439
0.817442 -0.013333 -359.336992
0.817442 -0.011667 -359.295470
0.817442 -0.010000 -359.260551
0.817442 -0.008333 -359.319360
0.817442 -0.006667 -359.322957
0.817442 -0.005000 -359.285550
0.817442 -0.003333 -359.355792
0.817442 -0.001667 -336.504751
0.817442 0.000000 -285.074994
0.817442 0.001667 -269.426253
0.817442 0.003333 -265.707828
0.817442 0.005000 -264.905611
0.817442 0.006667 -262.252853
0.817442 0.008333 -260.542745
0.817442 0.010000 -259.853421
0.817442 0.011667 -258.307170
0.817442 0.013333 -258.449492
0.817442 0.015000 -256.469367
0.817442 0.016667 -255.855703
0.817442 0.018333 -256.203766
0.817442 0.020000 -255.382630
0.833150 -0.020000 -360.752945
0.833150 -0.018333 -360.853443
0.833150 -0.016667 -360.783665
0.833150 -0.015000 -360.767599
0.833150 -0.013333 -360.849153
0.833150 -0.011667 -360.807661
0.833150 -0.010000 -360.772720
0.833150 -0.008333 -360.831516
0.833150 -0.006667 -360.835137
0.833150 -0.005000 -360.797694
0.833150 -0.003333 -360.864234
0.833150 -0.001667 -338.572813
0.833150 0.000000 -287.137725
0.833150 0.001667 -271.479098
0.833150 0.003333 -267.751209
0.833150 0.005000 -266.949345
0.833150 0.006667 -264.262677
0.833150 0.008333 -262.543035
0.833150 0.010000 -261.799597
0.833150 0.011667 -260.218291
0.833150 0.013333 -260.341127
0.833150 0.015000 -258.350002
0.833150 0.016667 -257.751492
0.833150 0.018333 -258.158896
0.833150 0.020000 -257.281943
0.848858 -0.020000 -362.265078
0.848858 -0.018333 -362.365580
0.848858 -0.016667 -362.295833
0.848858 -0.015000 -362.279732
0.848858 -0.013333 -362.361287
0.848858 -0.011667 -362.319825
0.848858 -0.010000 -362.284862
0.848858 -0.008333 -362.343644
0.848858 -0.006667 -362.347290
0.848858 -0.005000 -362.309812
0.848858 -0.003333 -362.372922
0.848858 -0.001667 -340.640869
0.848858 0.000000 -289.200456
0.848858 0.001667 -273.531943
0.848858 0.003333 -269.794577
0.848858 0.005000 -268.993113
0.848858 0.006667 -266.272524
0.848858 0.008333 -264.543299
0.848858 0.010000 -263.745499
0.848858 0.011667 -262.129459
0.848858 0.013333 -262.231366
0.848858 0.015000 -260.230595
0.848858 0.016667 -259.642504
0.848858 0.018333 -260.112661
0.848858 0.020000 -259.183096
0.864566 -0.020000 -363.777184
0.864566 -0.018333 -363.877689
0.864566 -0.016667 -363.807975
0.864566 -0.015000 -363.791837
0.864566 -0.013333 -363.873393
0.864566 -0.011667 -363.831962
0.864566 -0.010000 -363.796977
0.864566 -0.008333 -363.855745
0.864566 -0.006667 -363.859416
0.864566 -0.005000 -363.821906
0.864566 -0.003333 -363.881829
0.864566 -0.001667 -342.708920
0.864566 0.000000 -291.263187
0.864566 0.001667 -275.584790
0.864566 0.003333 -271.837934
0.864566 0.005000 -271.036907
0.864566 0.006667 -268.282395
0.864566 0.008333 -266.543537
0.864566 0.010000 -265.691261
0.864566 0.011667 -264.040615
0.864566 0.013333 -264.121019
0.864566 0.015000 -262.111144
0.864566 0.016667 -261.529917
0.864566 0.018333 -262.063824
0.864566 0.020000 -261.086207
0.880274 -0.020000 -365.289264
0.880274 -0.018333 -365.389772
0.880274 -0.016667 -365.320091
0.880274 -0.015000 -365.303917
0.880274 -0.013333 -365.385473
0.880274 -0.011667 -365.344073
0.880274 -0.010000 -365.309066
0.880274 -0.008333 -365.367821
0.880274 -0.006667 -365.371515
0.880274 -0.005000 -365.333976
0.880274 -0.003333 -365.390936
0.880274 -0.001667 -344.776965
0.880274 0.000000 -293.325918
0.880274 0.001667 -277.637639
0.880274 0.003333 -273.881279
0.880274 0.005000 -273.080711
0.880274 0.006667 -270.292290
0.880274 0.008333 -268.543752
0.880274 0.010000 -267.636948
0.880274 0.011667 -265.951728
0.880274 0.013333 -266.010440
0.880274 0.015000 -263.991649
0.880274 0.016667 -263.415218
0.880274 0.018333 -264.010964
0.880274 0.020000 -262.986812
0.895982 -0.020000 -366.801320
0.895982 -0.018333 -366.901830
0.895982 -0.016667 -366.832183
0.895982 -0.015000 -366.815972
0.895982 -0.013333 -366.897529
0.895982 -0.011667 -366.856159
0.895982 -0.010000 -366.821130
0.895982 -0.008333 -366.879871
0.895982 -0.006667 -366.883590
0.895982 -0.005000 -366.846023
0.895982 -0.003333 -366.900227
0.895982 -0.001667 -346.845003
0.895982 0.000000 -295.388650
0.895982 0.001667 -279.690489
0.895982 0.003333 -275.924612
0.895982 0.005000 -275.124493
0.895982 0.006667 -272.302211
0.895982 0.008333 -270.543943
0.895982 0.010000 -269.582592
0.895982 0.011667 -267.862782
0.895982 0.013333 -267.899788
0.895982 0.015000 -265.872107
0.895982 0.016667 -265.299655
0.895982 0.018333 -265.954131
0.895982 0.020000 -264.870052
0.911690 -0.020000 -368.313352
0.911690 -0.018333 -368.413864
0.911690 -0.016667 -368.344250
0.911690 -0.015000 -368.328003
0.911690 -0.013333 -368.409559
0.911690 -0.011667 -368.368221
0.911690 -0.010000 -368.333171
0.911690 -0.008333 -368.391897
0.911690 -0.006667 -368.395640
0.911690 -0.005000 -368.358048
0.911690 -0.003333 -368.409685
0.911690 -0.001667 -348.913034
0.911690 0.000000 -297.451381
0.911690 0.001667 -281.743340
0.911690 0.003333 -277.967933
0.911690 0.005000 -277.168188
0.911690 0.006667 -274.312159
0.911690 0.008333 -272.544115
0.911690 0.010000 -271.528208
0.911690 0.011667 -269.773767
0.911690 0.013333 -269.789133
0.911690 0.015000 -267.752515
0.911690 0.016667 -267.184297
0.911690 0.018333 -267.896265
0.911690 0.020000 -266.745296
0.927398 -0.020000 -369.825359
0.927398 -0.018333 -369.925874
0.927398 -0.016667 -369.856293
0.927398 -0.015000 -369.840011
0.927398 -0.013333 -369.921567
0.927398 -0.011667 -369.880259
0.927398 -0.010000 -369.845188
0.927398 -0.008333 -369.903900
0.927398 -0.006667 -369.907667
0.927398 -0.005000 -369.870051
0.927398 -0.003333 -369.919299
0.927398 -0.001667 -350.981057
0.927398 0.000000 -299.514113
0.927398 0.001667 -283.796192
0.927398 0.003333 -280.011241
0.927398 0.005000 -279.211669
0.927398 0.006667 -276.322134
0.927398 0.008333 -274.544275
0.927398 0.010000 -273.473804
0.927398 0.011667 -271.684677
0.927398 0.013333 -271.678504
0.927398 0.015000 -269.632871
0.927398 0.016667 -269.070508
0.927398 0.018333 -269.832661
0.927398 0.020000 -268.633383
0.943106 -0.020000 -371.337345
0.943106 -0.018333 -371.437860
0.943106 -0.016667 -371.368313
0.943106 -0.015000 -371.351996
0.943106 -0.013333 -371.433551
0.943106 -0.011667 -371.392275
0.943106 -0.010000 -371.357182
0.943106 -0.008333 -371.415880
0.943106 -0.006667 -371.419671
0.943106 -0.005000 -371.382032
0.943106 -0.003333 -371.429056
0.943106 -0.001667 -353.049072
0.943106 0.000000 -301.576845
0.943106 0.001667 -285.849046
0.943106 0.003333 -282.054537
0.943106 0.005000 -281.254688
0.943106 0.006667 -278.332139
0.943106 0.008333 -276.544438
0.943106 0.010000 -275.419386
0.943106 0.011667 -273.595507
0.943106 0.013333 -273.567915
0.943106 0.015000 -271.513167
0.943106 0.016667 -270.961256
0.943106 0.018333 -271.721289
0.943106 0.020000 -270.535460
0.958814 -0.020000 -372.849308
0.958814 -0.018333 -372.949825
0.958814 -0.016667 -372.880312
0.958814 -0.015000 -372.863959
0.958814 -0.013333 -372.945513
0.958814 -0.011667 -372.904268
0.958814 -0.010000 -372.869155
0.958814 -0.008333 -372.927837
0.958814 -0.006667 -372.931652
0.958814 -0.005000 -372.893993
0.958814 -0.003333 -372.938943
0.958814 -0.001667 -355.117077
0.958814 0.000000 -303.639576
0.958814 0.001667 -287.901902
0.958814 0.003333 -284.097820
0.958814 0.005000 -283.296792
0.958814 0.006667 -280.342174
0.958814 0.008333 -278.544635
0.958814 0.010000 -277.364957
0.958814 0.011667 -275.506249
0.958814 0.013333 -275.457362
0.958814 0.015000 -273.393393
0.958814 0.016667 -272.868410
0.958814 0.018333 -273.594429
0.958814 0.020000 -272.325710
0.974522 -0.020000 -374.361249
0.974522 -0.018333 -374.461767
0.974522 -0.016667 -374.392288
0.974522 -0.015000 -374.375900
0.974522 -0.013333 -374.457452
0.974522 -0.011667 -374.416239
0.974522 -0.010000 -374.381105
0.974522 -0.008333 -374.439773
0.974522 -0.006667 -374.443612
0.974522 -0.005000 -374.405933
0.974522 -0.003333 -374.448952
0.974522 -0.001667 -357.185073
0.974522 0.000000 -305.702309
0.974522 0.001667 -289.954758
0.974522 0.003333 -286.141090
0.974522 0.005000 -285.337210
0.974522 0.006667 -282.352241
0.974522 0.008333 -280.544928
0.974522 0.010000 -279.310517
0.974522 0.011667 -277.416895
0.974522 0.013333 -277.346828
0.974522 0.015000 -275.273527
0.974522 0.016667 -274.761256
0.974522 0.018333 -275.460527
0.974522 0.020000 -274.152799
0.990230 -0.020000 -375.873169
0.990230 -0.018333 -375.973688
0.990230 -0.016667 -375.904243
0.990230 -0.015000 -375.887820
0.990230 -0.013333 -375.969371
0.990230 -0.011667 -375.928189
0.990230 -0.010000 -375.893035
0.990230 -0.008333 -375.951688
0.990230 -0.006667 -375.955550
0.990230 -0.005000 -375.917854
0.990230 -0.003333 -375.959072
0.990230 -0.001667 -359.253057
0.990230 0.000000 -307.765041
0.990230 0.001667 -292.007616
0.990230 0.003333 -288.184347
0.990230 0.005000 -287.374830
0.990230 0.006667 -284.362342
0.990230 0.008333 -282.545441
0.990230 0.010000 -281.256071
0.990230 0.011667 -279.327426
0.990230 0.013333 -279.236275
0.990230 0.015000 -277.153524
0.990230 0.016667 -276.576272
0.990230 0.018333 -277.318984
0.990230 0.020000 -275.983840
