0.440451 -0.020000 -321.154775
0.440451 -0.018333 -321.157686
0.440451 -0.016667 -321.230944
0.440451 -0.015000 -321.148484
0.440451 -0.013333 -321.168771
0.440451 -0.011667 -321.225214
0.440451 -0.010000 -321.165808
0.440451 -0.008333 -321.163836
0.440451 -0.006667 -321.213296
0.440451 -0.005000 -321.195363
0.440451 -0.003333 -318.663936
0.440451 -0.001667 -285.020714
0.440451 0.000000 -233.094208
0.440451 0.001667 -217.716664
0.440451 0.003333 -214.188700
0.440451 0.005000 -213.405414
0.440451 0.006667 -211.480389
0.440451 0.008333 -210.237805
0.440451 0.010000 -210.210861
0.440451 0.011667 -208.963712
0.440451 0.013333 -208.888193
0.440451 0.015000 -207.916044
0.440451 0.016667 -207.188538
0.440451 0.018333 -206.754680
0.440451 0.020000 -206.535836
0.453018 -0.020000 -322.365748
0.453018 -0.018333 -322.368627
0.453018 -0.016667 -322.441906
0.453018 -0.015000 -322.359442
0.453018 -0.013333 -322.379704
0.453018 -0.011667 -322.436164
0.453018 -0.010000 -322.376758
0.453018 -0.008333 -322.374761
0.453018 -0.006667 -322.424231
0.453018 -0.005000 -322.406110
0.453018 -0.003333 -320.139816
0.453018 -0.001667 -286.675646
0.453018 0.000000 -234.744391
0.453018 0.001667 -219.358898
0.453018 0.003333 -215.823432
0.453018 0.005000 -215.039552
0.453018 0.006667 -213.087562
0.453018 0.008333 -211.837883
0.453018 0.010000 -211.760960
0.453018 0.011667 -210.559904
0.453018 0.013333 -210.506656
0.453018 0.015000 -209.485539
0.453018 0.016667 -208.769814
0.453018 0.018333 -208.344422
0.453018 0.020000 -208.115982
0.465584 -0.020000 -323.576645
0.465584 -0.018333 -323.579490
0.465584 -0.016667 -323.652792
0.465584 -0.015000 -323.570324
0.465584 -0.013333 -323.590560
0.465584 -0.011667 -323.647038
0.465584 -0.010000 -323.587633
0.465584 -0.008333 -323.585611
0.465584 -0.006667 -323.635090
0.465584 -0.005000 -323.616790
0.465584 -0.003333 -321.591472
0.465584 -0.001667 -288.330579
0.465584 0.000000 -236.394574
0.465584 0.001667 -221.001133
0.465584 0.003333 -217.458157
0.465584 0.005000 -216.673712
0.465584 0.006667 -214.694743
0.465584 0.008333 -213.437927
0.465584 0.010000 -213.328972
0.465584 0.011667 -212.156891
0.465584 0.013333 -212.094239
0.465584 0.015000 -211.055081
0.465584 0.016667 -210.339010
0.465584 0.018333 -209.938360
0.465584 0.020000 -209.692510
0.478150 -0.020000 -324.787470
0.478150 -0.018333 -324.790282
0.478150 -0.016667 -324.863605
0.478150 -0.015000 -324.781135
0.478150 -0.013333 -324.801344
0.478150 -0.011667 -324.857840
0.478150 -0.010000 -324.798436
0.478150 -0.008333 -324.796390
0.478150 -0.006667 -324.845877
0.478150 -0.005000 -324.827405
0.478150 -0.003333 -323.002102
0.478150 -0.001667 -289.985512
0.478150 0.000000 -238.044757
0.478150 0.001667 -222.643369
0.478150 0.003333 -219.092878
0.478150 0.005000 -218.307893
0.478150 0.006667 -216.301935
0.478150 0.008333 -215.037943
0.478150 0.010000 -214.902272
0.478150 0.011667 -213.755105
0.478150 0.013333 -213.681621
0.478150 0.015000 -212.624641
0.478150 0.016667 -211.874984
0.478150 0.018333 -211.543916
0.478150 0.020000 -211.264227
0.490717 -0.020000 -325.998226
0.490717 -0.018333 -326.001005
0.490717 -0.016667 -326.074349
0.490717 -0.015000 -325.991878
0.490717 -0.013333 -326.012060
0.490717 -0.011667 -326.068573
0.490717 -0.010000 -326.009172
0.490717 -0.008333 -326.007101
0.490717 -0.006667 -326.056597
0.490717 -0.005000 -326.037961
0.490717 -0.003333 -324.409235
0.490717 -0.001667 -291.640447
0.490717 0.000000 -239.694940
0.490717 0.001667 -224.285607
0.490717 0.003333 -220.727592
0.490717 0.005000 -219.942096
0.490717 0.006667 -217.909136
0.490717 0.008333 -216.637935
0.490717 0.010000 -216.477864
0.490717 0.011667 -215.354228
0.490717 0.013333 -215.272900
0.490717 0.015000 -214.194146
0.490717 0.016667 -213.412737
0.490717 0.018333 -213.152881
0.490717 0.020000 -212.831610
0.503283 -0.020000 -327.208918
0.503283 -0.018333 -327.211663
0.503283 -0.016667 -327.285028
0.503283 -0.015000 -327.202556
0.503283 -0.013333 -327.222713
0.503283 -0.011667 -327.279243
0.503283 -0.010000 -327.219845
0.503283 -0.008333 -327.217749
0.503283 -0.006667 -327.267253
0.503283 -0.005000 -327.248460
0.503283 -0.003333 -325.817211
0.503283 -0.001667 -293.295382
0.503283 0.000000 -241.345123
0.503283 0.001667 -225.927846
0.503283 0.003333 -222.362301
0.503283 0.005000 -221.576321
0.503283 0.006667 -219.516347
0.503283 0.008333 -218.237905
0.503283 0.010000 -218.054595
0.503283 0.011667 -216.948220
0.503283 0.013333 -216.866257
0.503283 0.015000 -215.763414
0.503283 0.016667 -214.954783
0.503283 0.018333 -214.678946
0.503283 0.020000 -214.396258
0.515850 -0.020000 -328.419549
0.515850 -0.018333 -328.422260
0.515850 -0.016667 -328.495645
0.515850 -0.015000 -328.413175
0.515850 -0.013333 -328.433304
0.515850 -0.011667 -328.489851
0.515850 -0.010000 -328.430458
0.515850 -0.008333 -328.428338
0.515850 -0.006667 -328.477849
0.515850 -0.005000 -328.458907
0.515850 -0.003333 -327.225131
0.515850 -0.001667 -294.950319
0.515850 0.000000 -242.995306
0.515850 0.001667 -227.570085
0.515850 0.003333 -223.997004
0.515850 0.005000 -223.210567
0.515850 0.006667 -221.123568
0.515850 0.008333 -219.837855
0.515850 0.010000 -219.631927
0.515850 0.011667 -218.525682
0.515850 0.013333 -218.460502
0.515850 0.015000 -217.331954
0.515850 0.016667 -216.499117
0.515850 0.018333 -216.229043
0.515850 0.020000 -215.959520
0.528416 -0.020000 -329.630123
0.528416 -0.018333 -329.632800
0.528416 -0.016667 -329.706205
0.528416 -0.015000 -329.623737
0.528416 -0.013333 -329.643839
0.528416 -0.011667 -329.700403
0.528416 -0.010000 -329.641013
0.528416 -0.008333 -329.638869
0.528416 -0.006667 -329.688388
0.528416 -0.005000 -329.669305
0.528416 -0.003333 -328.627075
0.528416 -0.001667 -296.605256
0.528416 0.000000 -244.645489
0.528416 0.001667 -229.212326
0.528416 0.003333 -225.631702
0.528416 0.005000 -224.844837
0.528416 0.006667 -222.730800
0.528416 0.008333 -221.437786
0.528416 0.010000 -221.209586
0.528416 0.011667 -220.094786
0.528416 0.013333 -220.054829
0.528416 0.015000 -218.898548
0.528416 0.016667 -218.044671
0.528416 0.018333 -217.786637
0.528416 0.020000 -217.522129
0.540982 -0.020000 -330.840642
0.540982 -0.018333 -330.843285
0.540982 -0.016667 -330.916710
0.540982 -0.015000 -330.834244
0.540982 -0.013333 -330.854319
0.540982 -0.011667 -330.910899
0.540982 -0.010000 -330.851516
0.540982 -0.008333 -330.849347
0.540982 -0.006667 -330.898873
0.540982 -0.005000 -330.879655
0.540982 -0.003333 -330.011631
0.540982 -0.001667 -298.260195
0.540982 0.000000 -246.295672
0.540982 0.001667 -230.854569
0.540982 0.003333 -227.266394
0.540982 0.005000 -226.479129
0.540982 0.006667 -224.338043
0.540982 0.008333 -223.037697
0.540982 0.010000 -222.787424
0.540982 0.011667 -221.664199
0.540982 0.013333 -221.648422
0.540982 0.015000 -220.461018
0.540982 0.016667 -219.590906
0.540982 0.018333 -219.347272
0.540982 0.020000 -219.084417
0.553549 -0.020000 -332.051109
0.553549 -0.018333 -332.053719
0.553549 -0.016667 -332.127164
0.553549 -0.015000 -332.044701
0.553549 -0.013333 -332.064748
0.553549 -0.011667 -332.121345
0.553549 -0.010000 -332.061967
0.553549 -0.008333 -332.059774
0.553549 -0.006667 -332.109307
0.553549 -0.005000 -332.089961
0.553549 -0.003333 -331.349611
0.553549 -0.001667 -299.915134
0.553549 0.000000 -247.945855
0.553549 0.001667 -232.496812
0.553549 0.003333 -228.901079
0.553549 0.005000 -228.113444
0.553549 0.006667 -225.945296
0.553549 0.008333 -224.637588
0.553549 0.010000 -224.365359
0.553549 0.011667 -223.234966
0.553549 0.013333 -223.239862
0.553549 0.015000 -222.017685
0.553549 0.016667 -221.137540
0.553549 0.018333 -220.909371
0.553549 0.020000 -220.646513
0.566115 -0.020000 -333.261528
0.566115 -0.018333 -333.264104
0.566115 -0.016667 -333.337568
0.566115 -0.015000 -333.255109
0.566115 -0.013333 -333.275128
0.566115 -0.011667 -333.331742
0.566115 -0.010000 -333.272370
0.566115 -0.008333 -333.270154
0.566115 -0.006667 -333.319693
0.566115 -0.005000 -333.300226
0.566115 -0.003333 -332.634249
0.566115 -0.001667 -301.570075
0.566115 0.000000 -249.596039
0.566115 0.001667 -234.139057
0.566115 0.003333 -230.535759
0.566115 0.005000 -229.747783
0.566115 0.006667 -227.552561
0.566115 0.008333 -226.237461
0.566115 0.010000 -225.943346
0.566115 0.011667 -224.806737
0.566115 0.013333 -224.825731
0.566115 0.015000 -223.569500
0.566115 0.016667 -222.684426
0.566115 0.018333 -222.472238
0.566115 0.020000 -222.208411
0.578681 -0.020000 -334.471901
0.578681 -0.018333 -334.474442
0.578681 -0.016667 -334.547925
0.578681 -0.015000 -334.465472
0.578681 -0.013333 -334.485463
0.578681 -0.011667 -334.542092
0.578681 -0.010000 -334.482728
0.578681 -0.008333 -334.480487
0.578681 -0.006667 -334.530033
0.578681 -0.005000 -334.510451
0.578681 -0.003333 -333.938483
0.578681 -0.001667 -303.225017
0.578681 0.000000 -251.246222
0.578681 0.001667 -235.781302
0.578681 0.003333 -232.170434
0.578681 0.005000 -231.382146
0.578681 0.006667 -229.159837
0.578681 0.008333 -227.837313
0.578681 0.010000 -227.521358
0.578681 0.011667 -226.379218
0.578681 0.013333 -226.400571
0.578681 0.015000 -225.118696
0.578681 0.016667 -224.231488
0.578681 0.018333 -224.035523
0.578681 0.020000 -223.769927
0.591248 -0.020000 -335.682230
0.591248 -0.018333 -335.684736
0.591248 -0.016667 -335.758239
0.591248 -0.015000 -335.675791
0.591248 -0.013333 -335.695754
0.591248 -0.011667 -335.752399
0.591248 -0.010000 -335.693043
0.591248 -0.008333 -335.690778
0.591248 -0.006667 -335.740329
0.591248 -0.005000 -335.720638
0.591248 -0.003333 -335.243171
0.591248 -0.001667 -304.879960
0.591248 0.000000 -252.896405
0.591248 0.001667 -237.423549
0.591248 0.003333 -233.805102
0.591248 0.005000 -233.016533
0.591248 0.006667 -230.767126
0.591248 0.008333 -229.437146
0.591248 0.010000 -229.099380
0.591248 0.011667 -227.952312
0.591248 0.013333 -227.964093
0.591248 0.015000 -226.666623
0.591248 0.016667 -225.778696
0.591248 0.018333 -225.599045
0.591248 0.020000 -225.330469
0.603814 -0.020000 -336.892517
0.603814 -0.018333 -336.894989
0.603814 -0.016667 -336.968510
0.603814 -0.015000 -336.886068
0.603814 -0.013333 -336.906003
0.603814 -0.011667 -336.962664
0.603814 -0.010000 -336.903316
0.603814 -0.008333 -336.901027
0.603814 -0.006667 -336.950584
0.603814 -0.005000 -336.930791
0.603814 -0.003333 -336.541856
0.603814 -0.001667 -306.534905
0.603814 0.000000 -254.546589
0.603814 0.001667 -239.065798
0.603814 0.003333 -235.439764
0.603814 0.005000 -234.650945
0.603814 0.006667 -232.374426
0.603814 0.008333 -231.036959
0.603814 0.010000 -230.677405
0.603814 0.011667 -229.526135
0.603814 0.013333 -229.521709
0.603814 0.015000 -228.213371
0.603814 0.016667 -227.326055
0.603814 0.018333 -227.162702
0.603814 0.020000 -226.888620
0.616380 -0.020000 -338.102764
0.616380 -0.018333 -338.105202
0.616380 -0.016667 -338.178742
0.616380 -0.015000 -338.096307
0.616380 -0.013333 -338.116213
0.616380 -0.011667 -338.172890
0.616380 -0.010000 -338.113551
0.616380 -0.008333 -338.111238
0.616380 -0.006667 -338.160800
0.616380 -0.005000 -338.140909
0.616380 -0.003333 -337.832350
0.616380 -0.001667 -308.189851
0.616380 0.000000 -256.196772
0.616380 0.001667 -240.708047
0.616380 0.003333 -237.074420
0.616380 0.005000 -236.285381
0.616380 0.006667 -233.981739
0.616380 0.008333 -232.636752
0.616380 0.010000 -232.255427
0.616380 0.011667 -231.101073
0.616380 0.013333 -231.076968
0.616380 0.015000 -229.757721
0.616380 0.016667 -228.873607
0.616380 0.018333 -228.726440
0.616380 0.020000 -228.442154
0.628947 -0.020000 -339.312974
0.628947 -0.018333 -339.315378
0.628947 -0.016667 -339.388935
0.628947 -0.015000 -339.306508
0.628947 -0.013333 -339.326386
0.628947 -0.011667 -339.383078
0.628947 -0.010000 -339.323748
0.628947 -0.008333 -339.321412
0.628947 -0.006667 -339.370979
0.628947 -0.005000 -339.350996
0.628947 -0.003333 -339.114729
0.628947 -0.001667 -309.844799
0.628947 0.000000 -257.846956
0.628947 0.001667 -242.350298
0.628947 0.003333 -238.709070
0.628947 0.005000 -237.919843
0.628947 0.006667 -235.589064
0.628947 0.008333 -234.236525
0.628947 0.010000 -233.833442
0.628947 0.011667 -232.677930
0.628947 0.013333 -232.631191
0.628947 0.015000 -231.297300
0.628947 0.016667 -230.421443
0.628947 0.018333 -230.290228
0.628947 0.020000 -229.989917
0.641513 -0.020000 -340.523148
0.641513 -0.018333 -340.525517
0.641513 -0.016667 -340.599093
0.641513 -0.015000 -340.516674
0.641513 -0.013333 -340.536523
0.641513 -0.011667 -340.593230
0.641513 -0.010000 -340.533910
0.641513 -0.008333 -340.531550
0.641513 -0.006667 -340.581122
0.641513 -0.005000 -340.561052
0.641513 -0.003333 -340.389378
0.641513 -0.001667 -311.499748
0.641513 0.000000 -259.497140
0.641513 0.001667 -243.992550
0.641513 0.003333 -240.343714
0.641513 0.005000 -239.554331
0.641513 0.006667 -237.196403
0.641513 0.008333 -235.836277
0.641513 0.010000 -235.411447
0.641513 0.011667 -234.257925
0.641513 0.013333 -234.184877
0.641513 0.015000 -232.830751
0.641513 0.016667 -231.969742
0.641513 0.018333 -231.854047
0.641513 0.020000 -231.533372
0.654080 -0.020000 -341.733288
0.654080 -0.018333 -341.735623
0.654080 -0.016667 -341.809216
0.654080 -0.015000 -341.726805
0.654080 -0.013333 -341.746626
0.654080 -0.011667 -341.803348
0.654080 -0.010000 -341.744038
0.654080 -0.008333 -341.741655
0.654080 -0.006667 -341.791231
0.654080 -0.005000 -341.771079
0.654080 -0.003333 -341.656012
0.654080 -0.001667 -313.154699
0.654080 0.000000 -261.147323
0.654080 0.001667 -245.634803
0.654080 0.003333 -241.978352
0.654080 0.005000 -241.188844
0.654080 0.006667 -238.803755
0.654080 0.008333 -237.436008
0.654080 0.010000 -236.989441
0.654080 0.011667 -235.837694
0.654080 0.013333 -235.738234
0.654080 0.015000 -234.359713
0.654080 0.016667 -233.518850
0.654080 0.018333 -233.417889
0.654080 0.020000 -233.074709
0.666646 -0.020000 -342.943395
0.666646 -0.018333 -342.945696
0.666646 -0.016667 -343.019307
0.666646 -0.015000 -342.936905
0.666646 -0.013333 -342.956697
0.666646 -0.011667 -343.013434
0.666646 -0.010000 -342.954134
0.666646 -0.008333 -342.951727
0.666646 -0.006667 -343.001309
0.666646 -0.005000 -342.981079
0.666646 -0.003333 -342.913324
0.666646 -0.001667 -314.809651
0.666646 0.000000 -262.797507
0.666646 0.001667 -247.277057
0.666646 0.003333 -243.612984
0.666646 0.005000 -242.823384
0.666646 0.006667 -240.411121
0.666646 0.008333 -239.035718
0.666646 0.010000 -238.567418
0.666646 0.011667 -237.392840
0.666646 0.013333 -237.291334
0.666646 0.015000 -235.886636
0.666646 0.016667 -235.069461
0.666646 0.018333 -234.981747
0.666646 0.020000 -234.615228
0.679212 -0.020000 -344.153472
0.679212 -0.018333 -344.155737
0.679212 -0.016667 -344.229366
0.679212 -0.015000 -344.146973
0.679212 -0.013333 -344.166736
0.679212 -0.011667 -344.223488
0.679212 -0.010000 -344.164200
0.679212 -0.008333 -344.161769
0.679212 -0.006667 -344.211355
0.679212 -0.005000 -344.191052
0.679212 -0.003333 -344.159837
0.679212 -0.001667 -316.464606
0.679212 0.000000 -264.447691
0.679212 0.001667 -248.919312
0.679212 0.003333 -245.247609
0.679212 0.005000 -244.457951
0.679212 0.006667 -242.018502
0.679212 0.008333 -240.635407
0.679212 0.010000 -240.145373
0.679212 0.011667 -238.934473
0.679212 0.013333 -238.844152
0.679212 0.015000 -237.412939
0.679212 0.016667 -236.623121
0.679212 0.018333 -236.545619
0.679212 0.020000 -236.155475
0.691779 -0.020000 -345.363518
0.691779 -0.018333 -345.365750
0.691779 -0.016667 -345.439395
0.691779 -0.015000 -345.357013
0.691779 -0.013333 -345.376747
0.691779 -0.011667 -345.433513
0.691779 -0.010000 -345.374236
0.691779 -0.008333 -345.371782
0.691779 -0.006667 -345.421371
0.691779 -0.005000 -345.401000
0.691779 -0.003333 -345.395990
0.691779 -0.001667 -318.119562
0.691779 0.000000 -266.097875
0.691779 0.001667 -250.561569
0.691779 0.003333 -246.882228
0.691779 0.005000 -246.092545
0.691779 0.006667 -243.625896
0.691779 0.008333 -242.235075
0.691779 0.010000 -241.723295
0.691779 0.011667 -240.478835
0.691779 0.013333 -240.396562
0.691779 0.015000 -238.939246
0.691779 0.016667 -238.183996
0.691779 0.018333 -238.109504
0.691779 0.020000 -237.695662
0.704345 -0.020000 -346.573536
0.704345 -0.018333 -346.575733
0.704345 -0.016667 -346.649396
0.704345 -0.015000 -346.567024
0.704345 -0.013333 -346.586729
0.704345 -0.011667 -346.643510
0.704345 -0.010000 -346.584244
0.704345 -0.008333 -346.581767
0.704345 -0.006667 -346.631360
0.704345 -0.005000 -346.610924
0.704345 -0.003333 -346.623206
0.704345 -0.001667 -319.774520
0.704345 0.000000 -267.748059
0.704345 0.001667 -252.203827
0.704345 0.003333 -248.516841
0.704345 0.005000 -247.727166
0.704345 0.006667 -245.233306
0.704345 0.008333 -243.834720
0.704345 0.010000 -243.301165
0.704345 0.011667 -242.025615
0.704345 0.013333 -241.948316
0.704345 0.015000 -240.465918
0.704345 0.016667 -239.760631
0.704345 0.018333 -239.673400
0.704345 0.020000 -239.235888
0.716911 -0.020000 -347.783527
0.716911 -0.018333 -347.785690
0.716911 -0.016667 -347.859369
0.716911 -0.015000 -347.777008
0.716911 -0.013333 -347.796683
0.716911 -0.011667 -347.853479
0.716911 -0.010000 -347.794225
0.716911 -0.008333 -347.791724
0.716911 -0.006667 -347.841321
0.716911 -0.005000 -347.820825
0.716911 -0.003333 -347.841650
0.716911 -0.001667 -321.429480
0.716911 0.000000 -269.398243
0.716911 0.001667 -253.846086
0.716911 0.003333 -250.151447
0.716911 0.005000 -249.361816
0.716911 0.006667 -246.840731
0.716911 0.008333 -245.434343
0.716911 0.010000 -244.878950
0.716911 0.011667 -243.573518
0.716911 0.013333 -243.498994
0.716911 0.015000 -241.993372
0.716911 0.016667 -241.268274
0.716911 0.018333 -241.237309
0.716911 0.020000 -240.776223
0.729478 -0.020000 -348.993492
0.729478 -0.018333 -348.995620
0.729478 -0.016667 -349.069316
0.729478 -0.015000 -348.986966
0.729478 -0.013333 -349.006612
0.729478 -0.011667 -349.063422
0.729478 -0.010000 -349.004180
0.729478 -0.008333 -349.001657
0.729478 -0.006667 -349.051257
0.729478 -0.005000 -349.030704
0.729478 -0.003333 -349.052847
0.729478 -0.001667 -323.084443
0.729478 0.000000 -271.048427
0.729478 0.001667 -255.488347
0.729478 0.003333 -251.786047
0.729478 0.005000 -250.996494
0.729478 0.006667 -248.448172
0.729478 0.008333 -247.033943
0.729478 0.010000 -246.456594
0.729478 0.011667 -245.121616
0.729478 0.013333 -245.047981
0.729478 0.015000 -243.522367
0.729478 0.016667 -242.776343
0.729478 0.018333 -242.801230
0.729478 0.020000 -242.316721
0.742044 -0.020000 -350.203432
0.742044 -0.018333 -350.205525
0.742044 -0.016667 -350.279238
0.742044 -0.015000 -350.196899
0.742044 -0.013333 -350.216516
0.742044 -0.011667 -350.273340
0.742044 -0.010000 -350.214110
0.742044 -0.008333 -350.211564
0.742044 -0.006667 -350.261167
0.742044 -0.005000 -350.240561
0.742044 -0.003333 -350.260449
0.742044 -0.001667 -324.739408
0.742044 0.000000 -272.698611
0.742044 0.001667 -257.130608
0.742044 0.003333 -253.420641
0.742044 0.005000 -252.631200
0.742044 0.006667 -250.055629
0.742044 0.008333 -248.633519
0.742044 0.010000 -248.033997
0.742044 0.011667 -246.669097
0.742044 0.013333 -246.594512
0.742044 0.015000 -245.054601
0.742044 0.016667 -244.294352
0.742044 0.018333 -244.365165
0.742044 0.020000 -243.857341
0.754611 -0.020000 -351.413348
0.754611 -0.018333 -351.415407
0.754611 -0.016667 -351.489135
0.754611 -0.015000 -351.406808
0.754611 -0.013333 -351.426397
0.754611 -0.011667 -351.483234
0.754611 -0.010000 -351.424017
0.754611 -0.008333 -351.421448
0.754611 -0.006667 -351.471054
0.754611 -0.005000 -351.450398
0.754611 -0.003333 -351.467067
0.754611 -0.001667 -326.394375
0.754611 0.000000 -274.348795
0.754611 0.001667 -258.772871
0.754611 0.003333 -255.055228
0.754611 0.005000 -254.265936
0.754611 0.006667 -251.663103
0.754611 0.008333 -250.233070
0.754611 0.010000 -249.610990
0.754611 0.011667 -248.215031
0.754611 0.013333 -248.137883
0.754611 0.015000 -246.594876
0.754611 0.016667 -245.816290
0.754611 0.018333 -245.929116
0.754611 0.020000 -245.397576
0.767177 -0.020000 -352.623241
0.767177 -0.018333 -352.625265
0.767177 -0.016667 -352.699010
0.767177 -0.015000 -352.616695
0.767177 -0.013333 -352.636254
0.767177 -0.011667 -352.693105
0.767177 -0.010000 -352.633901
0.767177 -0.008333 -352.631309
0.767177 -0.006667 -352.680918
0.767177 -0.005000 -352.660215
0.767177 -0.003333 -352.673729
0.767177 -0.001667 -328.049344
0.767177 0.000000 -275.998979
0.767177 0.001667 -260.415135
0.767177 0.003333 -256.689808
0.767177 0.005000 -255.900702
0.767177 0.006667 -253.270594
0.767177 0.008333 -251.832593
0.767177 0.010000 -251.187284
0.767177 0.011667 -249.758320
0.767177 0.013333 -249.677756
0.767177 0.015000 -248.153151
0.767177 0.016667 -247.340081
0.767177 0.018333 -247.493085
0.767177 0.020000 -246.935386
0.779743 -0.020000 -353.833111
0.779743 -0.018333 -353.835101
0.779743 -0.016667 -353.908861
0.779743 -0.015000 -353.826559
0.779743 -0.013333 -353.846089
0.779743 -0.011667 -353.902954
0.779743 -0.010000 -353.843762
0.779743 -0.008333 -353.841147
0.779743 -0.006667 -353.890759
0.779743 -0.005000 -353.870013
0.779743 -0.003333 -353.880712
0.779743 -0.001667 -329.704317
0.779743 0.000000 -277.649164
0.779743 0.001667 -262.057400
0.779743 0.003333 -258.324382
0.779743 0.005000 -257.535497
0.779743 0.006667 -254.878102
0.779743 0.008333 -253.432085
0.779743 0.010000 -252.762409
0.779743 0.011667 -251.298042
0.779743 0.013333 -251.214253
0.779743 0.015000 -249.630045
0.779743 0.016667 -248.864834
0.779743 0.018333 -249.057078
0.779743 0.020000 -248.466511
0.792310 -0.020000 -355.042960
0.792310 -0.018333 -355.044915
0.792310 -0.016667 -355.118691
0.792310 -0.015000 -355.036402
0.792310 -0.013333 -355.055902
0.792310 -0.011667 -355.112781
0.792310 -0.010000 -355.053603
0.792310 -0.008333 -355.050965
0.792310 -0.006667 -355.100580
0.792310 -0.005000 -355.079792
0.792310 -0.003333 -355.088039
0.792310 -0.001667 -331.359292
0.792310 0.000000 -279.299348
0.792310 0.001667 -263.699667
0.792310 0.003333 -259.958949
0.792310 0.005000 -259.170323
0.792310 0.006667 -256.485628
0.792310 0.008333 -255.031540
0.792310 0.010000 -254.335671
0.792310 0.011667 -252.834045
0.792310 0.013333 -252.747712
0.792310 0.015000 -251.116618
0.792310 0.016667 -250.390108
0.792310 0.018333 -250.621103
0.792310 0.020000 -249.989329
0.804876 -0.020000 -356.252788
0.804876 -0.018333 -356.254709
0.804876 -0.016667 -356.328501
0.804876 -0.015000 -356.246224
0.804876 -0.013333 -356.265695
0.804876 -0.011667 -356.322587
0.804876 -0.010000 -356.263423
0.804876 -0.008333 -356.260762
0.804876 -0.006667 -356.310379
0.804876 -0.005000 -356.289553
0.804876 -0.003333 -356.295668
0.804876 -0.001667 -333.014270
0.804876 0.000000 -280.949533
0.804876 0.001667 -265.341935
0.804876 0.003333 -261.593509
0.804876 0.005000 -260.805180
0.804876 0.006667 -258.093173
0.804876 0.008333 -256.630948
0.804876 0.010000 -255.906235
0.804876 0.011667 -254.367033
0.804876 0.013333 -254.278319
0.804876 0.015000 -252.612787
0.804876 0.016667 -251.915660
0.804876 0.018333 -252.185174
0.804876 0.020000 -251.507708
0.817442 -0.020000 -357.462596
0.817442 -0.018333 -357.464483
0.817442 -0.016667 -357.538290
0.817442 -0.015000 -357.456027
0.817442 -0.013333 -357.475468
0.817442 -0.011667 -357.532374
0.817442 -0.010000 -357.473223
0.817442 -0.008333 -357.470540
0.817442 -0.006667 -357.520159
0.817442 -0.005000 -357.499298
0.817442 -0.003333 -357.503544
0.817442 -0.001667 -334.669251
0.817442 0.000000 -282.599717
0.817442 0.001667 -266.984203
0.817442 0.003333 -263.228063
0.817442 0.005000 -262.440068
0.817442 0.006667 -259.700737
0.817442 0.008333 -258.230290
0.817442 0.010000 -257.473445
0.817442 0.011667 -255.898002
0.817442 0.013333 -255.805937
0.817442 0.015000 -254.112662
0.817442 0.016667 -253.441335
0.817442 0.018333 -253.749317
0.817442 0.020000 -253.024900
0.830009 -0.020000 -358.672385
0.830009 -0.018333 -358.674237
0.830009 -0.016667 -358.748059
0.830009 -0.015000 -358.665810
0.830009 -0.013333 -358.685222
0.830009 -0.011667 -358.742140
0.830009 -0.010000 -358.683003
0.830009 -0.008333 -358.680298
0.830009 -0.006667 -358.729919
0.830009 -0.005000 -358.709025
0.830009 -0.003333 -358.711619
0.830009 -0.001667 -336.324235
0.830009 0.000000 -284.249902
0.830009 0.001667 -268.626474
0.830009 0.003333 -264.862610
0.830009 0.005000 -264.074988
0.830009 0.006667 -261.308321
0.830009 0.008333 -259.829536
0.830009 0.010000 -259.037247
0.830009 0.011667 -257.427751
0.830009 0.013333 -257.330222
0.830009 0.015000 -255.614261
0.830009 0.016667 -254.966999
0.830009 0.018333 -255.313574
0.830009 0.020000 -254.541931
0.842575 -0.020000 -359.882154
0.842575 -0.018333 -359.883973
0.842575 -0.016667 -359.957810
0.842575 -0.015000 -359.875574
0.842575 -0.013333 -359.894957
0.842575 -0.011667 -359.951888
0.842575 -0.010000 -359.892765
0.842575 -0.008333 -359.890037
0.842575 -0.006667 -359.939660
0.842575 -0.005000 -359.918736
0.842575 -0.003333 -359.919855
0.842575 -0.001667 -337.979222
0.842575 0.000000 -285.900086
0.842575 0.001667 -270.268745
0.842575 0.003333 -266.497150
0.842575 0.005000 -265.709940
0.842575 0.006667 -262.915924
0.842575 0.008333 -261.428633
0.842575 0.010000 -260.598227
0.842575 0.011667 -258.956786
0.842575 0.013333 -258.850976
0.842575 0.015000 -257.116738
0.842575 0.016667 -256.492483
0.842575 0.018333 -256.878020
0.842575 0.020000 -256.058894
0.855142 -0.020000 -361.091906
0.855142 -0.018333 -361.093690
0.855142 -0.016667 -361.167542
0.855142 -0.015000 -361.085320
0.855142 -0.013333 -361.104674
0.855142 -0.011667 -361.161618
0.855142 -0.010000 -361.102509
0.855142 -0.008333 -361.099759
0.855142 -0.006667 -361.149384
0.855142 -0.005000 -361.128431
0.855142 -0.003333 -361.128221
0.855142 -0.001667 -339.634213
0.855142 0.000000 -287.550271
0.855142 0.001667 -271.911018
0.855142 0.003333 -268.131682
0.855142 0.005000 -267.344925
0.855142 0.006667 -264.523549
0.855142 0.008333 -263.027488
0.855142 0.010000 -262.157221
0.855142 0.011667 -260.485399
0.855142 0.013333 -260.368454
0.855142 0.015000 -258.619679
0.855142 0.016667 -258.017490
0.855142 0.018333 -258.442782
0.855142 0.020000 -257.575604
0.867708 -0.020000 -362.301640
0.867708 -0.018333 -362.303390
0.867708 -0.016667 -362.377256
0.867708 -0.015000 -362.295049
0.867708 -0.013333 -362.314373
0.867708 -0.011667 -362.371330
0.867708 -0.010000 -362.312236
0.867708 -0.008333 -362.309463
0.867708 -0.006667 -362.359090
0.867708 -0.005000 -362.338111
0.867708 -0.003333 -362.336694
0.867708 -0.001667 -341.289207
0.867708 0.000000 -289.200456
0.867708 0.001667 -273.553292
0.867708 0.003333 -269.766208
0.867708 0.005000 -268.979943
0.867708 0.006667 -266.131194
0.867708 0.008333 -264.625941
0.867708 0.010000 -263.714955
0.867708 0.011667 -262.013754
0.867708 0.013333 -261.883324
0.867708 0.015000 -260.122869
0.867708 0.016667 -259.541432
0.867708 0.018333 -260.008072
0.867708 0.020000 -259.091743
0.880274 -0.020000 -363.511357
0.880274 -0.018333 -363.513072
0.880274 -0.016667 -363.586953
0.880274 -0.015000 -363.504761
0.880274 -0.013333 -363.524055
0.880274 -0.011667 -363.581025
0.880274 -0.010000 -363.521945
0.880274 -0.008333 -363.519150
0.880274 -0.006667 -363.568778
0.880274 -0.005000 -363.547775
0.880274 -0.003333 -363.545256
0.880274 -0.001667 -342.944206
0.880274 0.000000 -290.850641
0.880274 0.001667 -275.195567
0.880274 0.003333 -271.400727
0.880274 0.005000 -270.614995
0.880274 0.006667 -267.738862
0.880274 0.008333 -266.223727
0.880274 0.010000 -265.271932
0.880274 0.011667 -263.541940
0.880274 0.013333 -263.396367
0.880274 0.015000 -261.626195
0.880274 0.016667 -261.063211
0.880274 0.018333 -261.574222
0.880274 0.020000 -260.606866
0.892841 -0.020000 -364.721057
0.892841 -0.018333 -364.722738
0.892841 -0.016667 -364.796634
0.892841 -0.015000 -364.714456
0.892841 -0.013333 -364.733721
0.892841 -0.011667 -364.790703
0.892841 -0.010000 -364.731638
0.892841 -0.008333 -364.728821
0.892841 -0.006667 -364.778450
0.892841 -0.005000 -364.757426
0.892841 -0.003333 -364.753892
0.892841 -0.001667 -344.599208
0.892841 0.000000 -292.500826
0.892841 0.001667 -276.837843
0.892841 0.003333 -273.035239
0.892841 0.005000 -272.250080
0.892841 0.006667 -269.346552
0.892841 0.008333 -267.820411
0.892841 0.010000 -266.828464
0.892841 0.011667 -265.070009
0.892841 0.013333 -264.908236
0.892841 0.015000 -263.129595
0.892841 0.016667 -262.581288
0.892841 0.018333 -263.141634
0.892841 0.020000 -262.120389
0.905407 -0.020000 -365.930741
0.905407 -0.018333 -365.932388
0.905407 -0.016667 -366.006298
0.905407 -0.015000 -365.924135
0.905407 -0.013333 -365.943370
0.905407 -0.011667 -366.000365
0.905407 -0.010000 -365.941315
0.905407 -0.008333 -365.938476
0.905407 -0.006667 -365.988106
0.905407 -0.005000 -365.967061
0.905407 -0.003333 -365.962592
0.905407 -0.001667 -346.254213
0.905407 0.000000 -294.151011
0.905407 0.001667 -278.480121
0.905407 0.003333 -274.669744
0.905407 0.005000 -273.885201
0.905407 0.006667 -270.954265
0.905407 0.008333 -269.415351
0.905407 0.010000 -268.384738
0.905407 0.011667 -266.597989
0.905407 0.013333 -266.419378
0.905407 0.015000 -264.633035
0.905407 0.016667 -264.094636
0.905407 0.018333 -264.710183
0.905407 0.020000 -263.631638
0.917973 -0.020000 -367.140409
0.917973 -0.018333 -367.142022
0.917973 -0.016667 -367.215946
0.917973 -0.015000 -367.133798
0.917973 -0.013333 -367.153004
0.917973 -0.011667 -367.210011
0.917973 -0.010000 -367.150976
0.917973 -0.008333 -367.148115
0.917973 -0.006667 -367.197746
0.917973 -0.005000 -367.176683
0.917973 -0.003333 -367.171347
0.917973 -0.001667 -347.909224
0.917973 0.000000 -295.801196
0.917973 0.001667 -280.122399
0.917973 0.003333 -276.304241
0.917973 0.005000 -275.520357
0.917973 0.006667 -272.562003
0.917973 0.008333 -271.007748
0.917973 0.010000 -269.940859
0.917973 0.011667 -268.125896
0.917973 0.013333 -267.930058
0.917973 0.015000 -266.136482
0.917973 0.016667 -265.603736
0.917973 0.018333 -266.276678
0.917973 0.020000 -265.140011
0.930540 -0.020000 -368.350061
0.930540 -0.018333 -368.351640
0.930540 -0.016667 -368.425578
0.930540 -0.015000 -368.343445
0.930540 -0.013333 -368.362622
0.930540 -0.011667 -368.419641
0.930540 -0.010000 -368.360621
0.930540 -0.008333 -368.357738
0.930540 -0.006667 -368.407370
0.930540 -0.005000 -368.386290
0.930540 -0.003333 -368.380148
0.930540 -0.001667 -349.564238
0.930540 0.000000 -297.451381
0.930540 0.001667 -281.764680
0.930540 0.003333 -277.938731
0.930540 0.005000 -277.155549
0.930540 0.006667 -274.169764
0.930540 0.008333 -272.596913
0.930540 0.010000 -271.496891
0.930540 0.011667 -269.653737
0.930540 0.013333 -269.440397
0.930540 0.015000 -267.639852
0.930540 0.016667 -267.109895
0.930540 0.018333 -267.835566
0.930540 0.020000 -266.645194
0.943106 -0.020000 -369.559699
0.943106 -0.018333 -369.561244
0.943106 -0.016667 -369.635195
0.943106 -0.015000 -369.553078
0.943106 -0.013333 -369.572225
0.943106 -0.011667 -369.629256
0.943106 -0.010000 -369.570252
0.943106 -0.008333 -369.567347
0.943106 -0.006667 -369.616980
0.943106 -0.005000 -369.595885
0.943106 -0.003333 -369.588991
0.943106 -0.001667 -351.219257
0.943106 0.000000 -299.101566
0.943106 0.001667 -283.406961
0.943106 0.003333 -279.573214
0.943106 0.005000 -278.790779
0.943106 0.006667 -275.777551
0.943106 0.008333 -274.182666
0.943106 0.010000 -273.052868
0.943106 0.011667 -271.181517
0.943106 0.013333 -270.950396
0.943106 0.015000 -269.142857
0.943106 0.016667 -268.614009
0.943106 0.018333 -269.393024
0.943106 0.020000 -268.147247
0.955672 -0.020000 -370.769321
0.955672 -0.018333 -370.770833
0.955672 -0.016667 -370.844797
0.955672 -0.015000 -370.762696
0.955672 -0.013333 -370.781814
0.955672 -0.011667 -370.838856
0.955672 -0.010000 -370.779868
0.955672 -0.008333 -370.776941
0.955672 -0.006667 -370.826574
0.955672 -0.005000 -370.805466
0.955672 -0.003333 -370.797870
0.955672 -0.001667 -352.874281
0.955672 0.000000 -300.751752
0.955672 0.001667 -285.049243
0.955672 0.003333 -281.207689
0.955672 0.005000 -280.426049
0.955672 0.006667 -277.385364
0.955672 0.008333 -275.765465
0.955672 0.010000 -274.608812
0.955672 0.011667 -272.709238
0.955672 0.013333 -272.459920
0.955672 0.015000 -270.644603
0.955672 0.016667 -270.116191
0.955672 0.018333 -270.925348
0.955672 0.020000 -269.646421
0.968239 -0.020000 -371.978929
0.968239 -0.018333 -371.980407
0.968239 -0.016667 -372.054385
0.968239 -0.015000 -371.972300
0.968239 -0.013333 -371.991388
0.968239 -0.011667 -372.048442
0.968239 -0.010000 -371.989469
0.968239 -0.008333 -371.986521
0.968239 -0.006667 -372.036155
0.968239 -0.005000 -372.015034
0.968239 -0.003333 -372.006781
0.968239 -0.001667 -354.529310
0.968239 0.000000 -302.401937
0.968239 0.001667 -286.691527
0.968239 0.003333 -282.842157
0.968239 0.005000 -282.061360
0.968239 0.006667 -278.993204
0.968239 0.008333 -277.346096
0.968239 0.010000 -276.164735
0.968239 0.011667 -274.236898
0.968239 0.013333 -273.968640
0.968239 0.015000 -272.142961
0.968239 0.016667 -271.615893
0.968239 0.018333 -272.427507
0.968239 0.020000 -271.142757
0.980805 -0.020000 -373.188523
0.980805 -0.018333 -373.189967
0.980805 -0.016667 -373.263958
0.980805 -0.015000 -373.181889
0.980805 -0.013333 -373.200948
0.980805 -0.011667 -373.258014
0.980805 -0.010000 -373.199057
0.980805 -0.008333 -373.196086
0.980805 -0.006667 -373.245721
0.980805 -0.005000 -373.224589
0.980805 -0.003333 -373.215720
0.980805 -0.001667 -356.184342
0.980805 0.000000 -304.052123
0.980805 0.001667 -288.333812
0.980805 0.003333 -284.476617
0.980805 0.005000 -283.696718
0.980805 0.006667 -280.601072
0.980805 0.008333 -278.925301
0.980805 0.010000 -277.720642
0.980805 0.011667 -275.764495
0.980805 0.013333 -275.475930
0.980805 0.015000 -273.635265
0.980805 0.016667 -273.112245
0.980805 0.018333 -273.937501
0.980805 0.020000 -272.635617
0.993372 -0.020000 -374.398104
0.993372 -0.018333 -374.399514
0.993372 -0.016667 -374.473518
0.993372 -0.015000 -374.391465
0.993372 -0.013333 -374.410494
0.993372 -0.011667 -374.467572
0.993372 -0.010000 -374.408631
0.993372 -0.008333 -374.405638
0.993372 -0.006667 -374.455273
0.993372 -0.005000 -374.434132
0.993372 -0.003333 -374.424685
0.993372 -0.001667 -357.839382
0.993372 0.000000 -305.702309
0.993372 0.001667 -289.976099
0.993372 0.003333 -286.111070
0.993372 0.005000 -285.332130
0.993372 0.006667 -282.208968
0.993372 0.008333 -280.503620
0.993372 0.010000 -279.276539
0.993372 0.011667 -277.292025
0.993372 0.013333 -276.980798
0.993372 0.015000 -275.121516
0.993372 0.016667 -274.604723
0.993372 0.018333 -275.452151
0.993372 0.020000 -274.123499
1.005938 -0.020000 -375.607670
1.005938 -0.018333 -375.609046
1.005938 -0.016667 -375.683064
1.005938 -0.015000 -375.601027
1.005938 -0.013333 -375.620027
1.005938 -0.011667 -375.677116
1.005938 -0.010000 -375.618190
1.005938 -0.008333 -375.615176
1.005938 -0.006667 -375.664812
1.005938 -0.005000 -375.643662
1.005938 -0.003333 -375.633671
1.005938 -0.001667 -359.494425
1.005938 0.000000 -307.352494
1.005938 0.001667 -291.618386
1.005938 0.003333 -287.745515
1.005938 0.005000 -286.967609
1.005938 0.006667 -283.816893
1.005938 0.008333 -282.081395
1.005938 0.010000 -280.832427
1.005938 0.011667 -278.819480
1.005938 0.013333 -278.482156
1.005938 0.015000 -276.604376
1.005938 0.016667 -276.093688
1.005938 0.018333 -276.968406
1.005938 0.020000 -275.604832
1.018504 -0.020000 -376.817223
1.018504 -0.018333 -376.818566
1.018504 -0.016667 -376.892596
1.018504 -0.015000 -376.810576
1.018504 -0.013333 -376.829546
1.018504 -0.011667 -376.886647
1.018504 -0.010000 -376.827737
1.018504 -0.008333 -376.824702
1.018504 -0.006667 -376.874337
1.018504 -0.005000 -376.853181
1.018504 -0.003333 -376.842678
1.018504 -0.001667 -361.149475
1.018504 0.000000 -309.002680
1.018504 0.001667 -293.260675
1.018504 0.003333 -289.379952
1.018504 0.005000 -288.603177
1.018504 0.006667 -285.424848
1.018504 0.008333 -283.658827
1.018504 0.010000 -282.388309
1.018504 0.011667 -280.346844
1.018504 0.013333 -279.979547
1.018504 0.015000 -278.085967
1.018504 0.016667 -277.580125
1.018504 0.018333 -278.483541
1.018504 0.020000 -277.079251
1.031071 -0.020000 -378.026762
1.031071 -0.018333 -378.028072
1.031071 -0.016667 -378.102115
1.031071 -0.015000 -378.020111
1.031071 -0.013333 -378.039052
1.031071 -0.011667 -378.096164
1.031071 -0.010000 -378.037270
1.031071 -0.008333 -378.034213
1.031071 -0.006667 -378.083849
1.031071 -0.005000 -378.062687
1.031071 -0.003333 -378.051702
1.031071 -0.001667 -362.804528
1.031071 0.000000 -310.652866
1.031071 0.001667 -294.902965
1.031071 0.003333 -291.014382
1.031071 0.005000 -290.238873
1.031071 0.006667 -287.032834
1.031071 0.008333 -285.236024
1.031071 0.010000 -283.944184
1.031071 0.011667 -281.874092
1.031071 0.013333 -281.473573
1.031071 0.015000 -279.567176
1.031071 0.016667 -279.065007
1.031071 0.018333 -279.993786
1.031071 0.020000 -278.547363
1.043637 -0.020000 -379.236290
1.043637 -0.018333 -379.237566
1.043637 -0.016667 -379.311621
1.043637 -0.015000 -379.229634
1.043637 -0.013333 -379.248546
1.043637 -0.011667 -379.305669
1.043637 -0.010000 -379.246791
1.043637 -0.008333 -379.243713
1.043637 -0.006667 -379.293348
1.043637 -0.005000 -379.272181
1.043637 -0.003333 -379.260742
1.043637 -0.001667 -364.459590
1.043637 0.000000 -312.303052
1.043637 0.001667 -296.545256
1.043637 0.003333 -292.648803
1.043637 0.005000 -291.874763
1.043637 0.006667 -288.640852
1.043637 0.008333 -286.813030
1.043637 0.010000 -285.500054
1.043637 0.011667 -283.401183
1.043637 0.013333 -282.965353
1.043637 0.015000 -281.048280
1.043637 0.016667 -280.549008
1.043637 0.018333 -281.495895
1.043637 0.020000 -280.010004
1.056203 -0.020000 -380.445804
1.056203 -0.018333 -380.447046
1.056203 -0.016667 -380.521114
1.056203 -0.015000 -380.439144
1.056203 -0.013333 -380.458027
1.056203 -0.011667 -380.515160
1.056203 -0.010000 -380.456299
1.056203 -0.008333 -380.453199
1.056203 -0.006667 -380.502834
1.056203 -0.005000 -380.481664
1.056203 -0.003333 -380.469796
1.056203 -0.001667 -366.114655
1.056203 0.000000 -313.953238
1.056203 0.001667 -298.187549
1.056203 0.003333 -294.283217
1.056203 0.005000 -293.510968
1.056203 0.006667 -290.248903
1.056203 0.008333 -288.389838
1.056203 0.010000 -287.055919
1.056203 0.011667 -284.928042
1.056203 0.013333 -284.455844
1.056203 0.015000 -282.529347
1.056203 0.016667 -282.032527
1.056203 0.018333 -282.990475
1.056203 0.020000 -281.468347
