0.094876 -0.015000 -289.533431
0.094876 -0.013966 -289.587250
0.094876 -0.012931 -289.612574
0.094876 -0.011897 -289.584659
0.094876 -0.010862 -289.546159
0.094876 -0.009828 -289.546927
0.094876 -0.008793 -289.582777
0.094876 -0.007759 -289.610874
0.094876 -0.006724 -289.603880
0.094876 -0.005690 -289.529311
0.094876 -0.004655 -289.556850
0.094876 -0.003621 -281.735497
0.094876 -0.002586 -279.862282
0.094876 -0.001552 -238.433640
0.094876 -0.000517 -210.919029
0.094876 0.000517 -179.810445
0.094876 0.001552 -175.058585
0.094876 0.002586 -172.938913
0.094876 0.003621 -172.035719
0.094876 0.004655 -171.336114
0.094876 0.005690 -170.091457
0.094876 0.006724 -169.671854
0.094876 0.007759 -169.389068
0.094876 0.008793 -169.087285
0.094876 0.009828 -168.094629
0.094876 0.010862 -167.722082
0.094876 0.011897 -167.148160
0.094876 0.012931 -166.598724
0.094876 0.013966 -166.890089
0.094876 0.015000 -166.378937
0.126292 -0.015000 -292.625464
0.126292 -0.013966 -292.682894
0.126292 -0.012931 -292.707954
0.126292 -0.011897 -292.675515
0.126292 -0.010862 -292.634000
0.126292 -0.009828 -292.635134
0.126292 -0.008793 -292.673139
0.126292 -0.007759 -292.701956
0.126292 -0.006724 -292.693673
0.126292 -0.005690 -292.646250
0.126292 -0.004655 -292.651298
0.126292 -0.003621 -285.885302
0.126292 -0.002586 -283.970902
0.126292 -0.001552 -242.568358
0.126292 -0.000517 -215.050124
0.126292 0.000517 -183.929263
0.126292 0.001552 -179.164345
0.126292 0.002586 -177.034611
0.126292 0.003621 -176.125062
0.126292 0.004655 -175.422762
0.126292 0.005690 -174.162411
0.126292 0.006724 -173.756585
0.126292 0.007759 -173.410690
0.126292 0.008793 -173.159164
0.126292 0.009828 -172.152969
0.126292 0.010862 -171.779245
0.126292 0.011897 -171.191479
0.126292 0.012931 -170.632969
0.126292 0.013966 -170.935277
0.126292 0.015000 -170.415675
0.157708 -0.015000 -295.672373
0.157708 -0.013966 -295.730350
0.157708 -0.012931 -295.755378
0.157708 -0.011897 -295.722302
0.157708 -0.010862 -295.680301
0.157708 -0.009828 -295.681465
0.157708 -0.008793 -295.719828
0.157708 -0.007759 -295.748774
0.157708 -0.006724 -295.740351
0.157708 -0.005690 -295.700462
0.157708 -0.004655 -295.697954
0.157708 -0.003621 -290.064301
0.157708 -0.002586 -288.028160
0.157708 -0.001552 -246.703073
0.157708 -0.000517 -219.181218
0.157708 0.000517 -188.048089
0.157708 0.001552 -183.270106
0.157708 0.002586 -181.130306
0.157708 0.003621 -180.214377
0.157708 0.004655 -179.509436
0.157708 0.005690 -178.226822
0.157708 0.006724 -177.860038
0.157708 0.007759 -177.427616
0.157708 0.008793 -177.231309
0.157708 0.009828 -176.211407
0.157708 0.010862 -175.836821
0.157708 0.011897 -175.234596
0.157708 0.012931 -174.666989
0.157708 0.013966 -174.980562
0.157708 0.015000 -174.452390
0.189124 -0.015000 -298.709711
0.189124 -0.013966 -298.767842
0.189124 -0.012931 -298.792891
0.189124 -0.011897 -298.759652
0.189124 -0.010862 -298.717492
0.189124 -0.009828 -298.718637
0.189124 -0.008793 -298.757095
0.189124 -0.007759 -298.786099
0.189124 -0.006724 -298.777678
0.189124 -0.005690 -298.740218
0.189124 -0.004655 -298.735289
0.189124 -0.003621 -294.096312
0.189124 -0.002586 -292.064531
0.189124 -0.001552 -250.837786
0.189124 -0.000517 -223.312312
0.189124 0.000517 -192.166923
0.189124 0.001552 -187.375870
0.189124 0.002586 -185.225998
0.189124 0.003621 -184.303663
0.189124 0.004655 -183.596134
0.189124 0.005690 -182.273569
0.189124 0.006724 -181.834758
0.189124 0.007759 -181.429139
0.189124 0.008793 -181.303903
0.189124 0.009828 -180.269947
0.189124 0.010862 -179.894825
0.189124 0.011897 -179.277336
0.189124 0.012931 -178.700847
0.189124 0.013966 -179.025951
0.189124 0.015000 -178.489060
0.220540 -0.015000 -301.743766
0.220540 -0.013966 -301.801964
0.220540 -0.012931 -301.827046
0.220540 -0.011897 -301.793749
0.220540 -0.010862 -301.751505
0.220540 -0.009828 -301.752619
0.220540 -0.008793 -301.791112
0.220540 -0.007759 -301.820156
0.220540 -0.006724 -301.811769
0.220540 -0.005690 -301.775633
0.220540 -0.004655 -301.769465
0.220540 -0.003621 -297.975003
0.220540 -0.002586 -296.082524
0.220540 -0.001552 -254.972494
0.220540 -0.000517 -227.443406
0.220540 0.000517 -196.285765
0.220540 0.001552 -191.481635
0.220540 0.002586 -189.321685
0.220540 0.003621 -188.392921
0.220540 0.004655 -187.682858
0.220540 0.005690 -186.301523
0.220540 0.006724 -185.847390
0.220540 0.007759 -185.410467
0.220540 0.008793 -185.377214
0.220540 0.009828 -184.328585
0.220540 0.010862 -183.953207
0.220540 0.011897 -183.319021
0.220540 0.012931 -182.734802
0.220540 0.013966 -183.071466
0.220540 0.015000 -182.525597
0.251956 -0.015000 -304.776100
0.251956 -0.013966 -304.834338
0.251956 -0.012931 -304.859455
0.251956 -0.011897 -304.826131
0.251956 -0.010862 -304.783825
0.251956 -0.009828 -304.784905
0.251956 -0.008793 -304.823414
0.251956 -0.007759 -304.852493
0.251956 -0.006724 -304.844147
0.251956 -0.005690 -304.809029
0.251956 -0.004655 -304.801959
0.251956 -0.003621 -301.754080
0.251956 -0.002586 -300.033800
0.251956 -0.001552 -259.107199
0.251956 -0.000517 -231.574499
0.251956 0.000517 -200.404615
0.251956 0.001552 -195.587403
0.251956 0.002586 -193.417370
0.251956 0.003621 -192.482148
0.251956 0.004655 -191.769607
0.251956 0.005690 -190.321930
0.251956 0.006724 -189.865084
0.251956 0.007759 -189.382892
0.251956 0.008793 -189.444772
0.251956 0.009828 -188.387279
0.251956 0.010862 -188.011016
0.251956 0.011897 -187.357182
0.251956 0.012931 -186.769794
0.251956 0.013966 -187.117189
0.251956 0.015000 -186.561630
0.283372 -0.015000 -307.807206
0.283372 -0.013966 -307.865474
0.283372 -0.012931 -307.890628
0.283372 -0.011897 -307.857290
0.283372 -0.010862 -307.814931
0.283372 -0.009828 -307.815976
0.283372 -0.008793 -307.854492
0.283372 -0.007759 -307.883604
0.283372 -0.006724 -307.875300
0.283372 -0.005690 -307.841066
0.283372 -0.004655 -307.833239
0.283372 -0.003621 -305.565793
0.283372 -0.002586 -303.918457
0.283372 -0.001552 -263.241899
0.283372 -0.000517 -235.705592
0.283372 0.000517 -204.523473
0.283372 0.001552 -199.693173
0.283372 0.002586 -197.513051
0.283372 0.003621 -196.571346
0.283372 0.004655 -195.856382
0.283372 0.005690 -194.340308
0.283372 0.006724 -193.883930
0.283372 0.007759 -193.353199
0.283372 0.008793 -193.477035
0.283372 0.009828 -192.445683
0.283372 0.010862 -192.058099
0.283372 0.011897 -191.385002
0.283372 0.012931 -190.806435
0.283372 0.013966 -191.163278
0.283372 0.015000 -190.595293
0.314788 -0.015000 -310.837314
0.314788 -0.013966 -310.895606
0.314788 -0.012931 -310.920797
0.314788 -0.011897 -310.887453
0.314788 -0.010862 -310.845047
0.314788 -0.009828 -310.846056
0.314788 -0.008793 -310.884575
0.314788 -0.007759 -310.913717
0.314788 -0.006724 -310.905455
0.314788 -0.005690 -310.872010
0.314788 -0.004655 -310.863521
0.314788 -0.003621 -309.188038
0.314788 -0.002586 -307.727984
0.314788 -0.001552 -267.376595
0.314788 -0.000517 -239.836685
0.314788 0.000517 -208.642339
0.314788 0.001552 -203.798945
0.314788 0.002586 -201.608729
0.314788 0.003621 -200.660512
0.314788 0.004655 -199.943183
0.314788 0.005690 -198.358098
0.314788 0.006724 -197.903095
0.314788 0.007759 -197.323173
0.314788 0.008793 -197.494727
0.314788 0.009828 -196.500446
0.314788 0.010862 -196.075854
0.314788 0.011897 -195.394702
0.314788 0.012931 -194.810410
0.314788 0.013966 -195.207617
0.314788 0.015000 -194.617511
0.346204 -0.015000 -313.866577
0.346204 -0.013966 -313.924887
0.346204 -0.012931 -313.950116
0.346204 -0.011897 -313.916772
0.346204 -0.010862 -313.874326
0.346204 -0.009828 -313.875297
0.346204 -0.008793 -313.913815
0.346204 -0.007759 -313.942986
0.346204 -0.006724 -313.934764
0.346204 -0.005690 -313.902023
0.346204 -0.004655 -313.892953
0.346204 -0.003621 -312.641172
0.346204 -0.002586 -311.465209
0.346204 -0.001552 -271.511285
0.346204 -0.000517 -243.967777
0.346204 0.000517 -212.761214
0.346204 0.001552 -207.904720
0.346204 0.002586 -205.704404
0.346204 0.003621 -204.749646
0.346204 0.004655 -204.030010
0.346204 0.005690 -202.375649
0.346204 0.006724 -201.922383
0.346204 0.007759 -201.293243
0.346204 0.008793 -201.512813
0.346204 0.009828 -200.534252
0.346204 0.010862 -200.082435
0.346204 0.011897 -199.389975
0.346204 0.012931 -198.784308
0.346204 0.013966 -199.227382
0.346204 0.015000 -198.615227
0.377619 -0.015000 -316.895116
0.377619 -0.013966 -316.953439
0.377619 -0.012931 -316.978707
0.377619 -0.011897 -316.945369
0.377619 -0.010862 -316.902886
0.377619 -0.009828 -316.903819
0.377619 -0.008793 -316.942332
0.377619 -0.007759 -316.971531
0.377619 -0.006724 -316.963350
0.377619 -0.005690 -316.931232
0.377619 -0.004655 -316.921653
0.377619 -0.003621 -316.082040
0.377619 -0.002586 -315.004038
0.377619 -0.001552 -275.645969
0.377619 -0.000517 -248.098869
0.377619 0.000517 -216.880097
0.377619 0.001552 -212.010496
0.377619 0.002586 -209.800075
0.377619 0.003621 -208.838748
0.377619 0.004655 -208.116863
0.377619 0.005690 -206.393044
0.377619 0.006724 -205.941747
0.377619 0.007759 -205.263516
0.377619 0.008793 -205.531484
0.377619 0.009828 -204.544787
0.377619 0.010862 -204.087867
0.377619 0.011897 -203.379280
0.377619 0.012931 -202.760059
0.377619 0.013966 -203.220012
0.377619 0.015000 -202.598775
0.409035 -0.015000 -319.923032
0.409035 -0.013966 -319.981364
0.409035 -0.012931 -320.006672
0.409035 -0.011897 -319.973346
0.409035 -0.010862 -319.930829
0.409035 -0.009828 -319.931724
0.409035 -0.008793 -319.970229
0.409035 -0.007759 -319.999454
0.409035 -0.006724 -319.991314
0.409035 -0.005690 -319.959747
0.409035 -0.004655 -319.949721
0.409035 -0.003621 -319.366501
0.409035 -0.002586 -318.416017
0.409035 -0.001552 -279.780646
0.409035 -0.000517 -252.229961
0.409035 0.000517 -220.998988
0.409035 0.001552 -216.116274
0.409035 0.002586 -213.895743
0.409035 0.003621 -212.927818
0.409035 0.004655 -212.203743
0.409035 0.005690 -210.410304
0.409035 0.006724 -209.961177
0.409035 0.007759 -209.234019
0.409035 0.008793 -209.550497
0.409035 0.009828 -208.551534
0.409035 0.010862 -208.091605
0.409035 0.011897 -207.366351
0.409035 0.012931 -206.736763
0.409035 0.013966 -207.208565
0.409035 0.015000 -206.574981
0.440451 -0.015000 -322.950413
0.440451 -0.013966 -323.008750
0.440451 -0.012931 -323.034098
0.440451 -0.011897 -323.000787
0.440451 -0.010862 -322.958242
0.440451 -0.009828 -322.959097
0.440451 -0.008793 -322.997592
0.440451 -0.007759 -323.026843
0.440451 -0.006724 -323.018741
0.440451 -0.005690 -322.987661
0.440451 -0.004655 -322.977244
0.440451 -0.003621 -322.605022
0.440451 -0.002586 -321.817935
0.440451 -0.001552 -283.915315
0.440451 -0.000517 -256.361052
0.440451 0.000517 -225.117887
0.440451 0.001552 -220.222054
0.440451 0.002586 -217.991409
0.440451 0.003621 -217.016853
0.440451 0.004655 -216.290649
0.440451 0.005690 -214.427431
0.440451 0.006724 -213.980672
0.440451 0.007759 -213.204763
0.440451 0.008793 -213.569780
0.440451 0.009828 -212.561421
0.440451 0.010862 -212.088876
0.440451 0.011897 -211.351144
0.440451 0.012931 -210.713523
0.440451 0.013966 -211.191578
0.440451 0.015000 -210.537783
0.471867 -0.015000 -325.977332
0.471867 -0.013966 -326.035671
0.471867 -0.012931 -326.061060
0.471867 -0.011897 -326.027768
0.471867 -0.010862 -325.985196
0.471867 -0.009828 -325.986011
0.471867 -0.008793 -326.024494
0.471867 -0.007759 -326.053769
0.471867 -0.006724 -326.045707
0.471867 -0.005690 -326.015054
0.471867 -0.004655 -326.004296
0.471867 -0.003621 -325.801284
0.471867 -0.002586 -325.181305
0.471867 -0.001552 -288.049975
0.471867 -0.000517 -260.492142
0.471867 0.000517 -229.236795
0.471867 0.001552 -224.327837
0.471867 0.002586 -222.087071
0.471867 0.003621 -221.105853
0.471867 0.004655 -220.377581
0.471867 0.005690 -218.444425
0.471867 0.006724 -218.000233
0.471867 0.007759 -217.175751
0.471867 0.008793 -217.589322
0.471867 0.009828 -216.562454
0.471867 0.010862 -216.071212
0.471867 0.011897 -215.329887
0.471867 0.012931 -214.690095
0.471867 0.013966 -215.160769
0.471867 0.015000 -214.481500
0.503283 -0.015000 -329.003852
0.503283 -0.013966 -329.062190
0.503283 -0.012931 -329.087619
0.503283 -0.011897 -329.054350
0.503283 -0.010862 -329.011754
0.503283 -0.009828 -329.012529
0.503283 -0.008793 -329.050998
0.503283 -0.007759 -329.080296
0.503283 -0.006724 -329.072273
0.503283 -0.005690 -329.041997
0.503283 -0.004655 -329.030938
0.503283 -0.003621 -328.932192
0.503283 -0.002586 -328.461101
0.503283 -0.001552 -292.184625
0.503283 -0.000517 -264.623231
0.503283 0.000517 -233.355710
0.503283 0.001552 -228.433621
0.503283 0.002586 -226.182730
0.503283 0.003621 -225.194819
0.503283 0.004655 -224.464541
0.503283 0.005690 -222.461284
0.503283 0.006724 -222.019862
0.503283 0.007759 -221.146987
0.503283 0.008793 -221.609138
0.503283 0.009828 -220.509297
0.503283 0.010862 -220.037010
0.503283 0.011897 -219.294443
0.503283 0.012931 -218.666419
0.503283 0.013966 -219.113061
0.503283 0.015000 -218.412437
0.534699 -0.015000 -332.030024
0.534699 -0.013966 -332.088359
0.534699 -0.012931 -332.113828
0.534699 -0.011897 -332.080585
0.534699 -0.010862 -332.037968
0.534699 -0.009828 -332.038702
0.534699 -0.008793 -332.077156
0.534699 -0.007759 -332.106477
0.534699 -0.006724 -332.098492
0.534699 -0.005690 -332.068546
0.534699 -0.004655 -332.057225
0.534699 -0.003621 -332.000529
0.534699 -0.002586 -331.694254
0.534699 -0.001552 -296.319264
0.534699 -0.000517 -268.754320
0.534699 0.000517 -237.474635
0.534699 0.001552 -232.539408
0.534699 0.002586 -230.278386
0.534699 0.003621 -229.283748
0.534699 0.004655 -228.551527
0.534699 0.005690 -226.478006
0.534699 0.006724 -226.039562
0.534699 0.007759 -225.118473
0.534699 0.008793 -225.629287
0.534699 0.009828 -224.456528
0.534699 0.010862 -223.994331
0.534699 0.011897 -223.241185
0.534699 0.012931 -222.642494
0.534699 0.013966 -223.056757
0.534699 0.015000 -222.334857
0.566115 -0.015000 -335.055894
0.566115 -0.013966 -335.114224
0.566115 -0.012931 -335.139733
0.566115 -0.011897 -335.106519
0.566115 -0.010862 -335.063881
0.566115 -0.009828 -335.064575
0.566115 -0.008793 -335.103012
0.566115 -0.007759 -335.132355
0.566115 -0.006724 -335.124407
0.566115 -0.005690 -335.094754
0.566115 -0.004655 -335.083201
0.566115 -0.003621 -335.044935
0.566115 -0.002586 -334.899486
0.566115 -0.001552 -300.453890
0.566115 -0.000517 -272.885408
0.566115 0.000517 -241.593567
0.566115 0.001552 -236.645196
0.566115 0.002586 -234.374040
0.566115 0.003621 -233.372641
0.566115 0.004655 -232.638542
0.566115 0.005690 -230.494591
0.566115 0.006724 -230.059335
0.566115 0.007759 -229.090214
0.566115 0.008793 -229.649990
0.566115 0.009828 -228.406739
0.566115 0.010862 -227.949152
0.566115 0.011897 -227.177121
0.566115 0.012931 -226.618365
0.566115 0.013966 -227.000590
0.566115 0.015000 -226.234807
0.597531 -0.015000 -338.081500
0.597531 -0.013966 -338.139822
0.597531 -0.012931 -338.165371
0.597531 -0.011897 -338.132187
0.597531 -0.010862 -338.089532
0.597531 -0.009828 -338.090185
0.597531 -0.008793 -338.128604
0.597531 -0.007759 -338.157968
0.597531 -0.006724 -338.150058
0.597531 -0.005690 -338.120661
0.597531 -0.004655 -338.108904
0.597531 -0.003621 -338.081660
0.597531 -0.002586 -338.014033
0.597531 -0.001552 -304.588501
0.597531 -0.000517 -277.016495
0.597531 0.000517 -245.712508
0.597531 0.001552 -240.750987
0.597531 0.002586 -238.469691
0.597531 0.003621 -237.461496
0.597531 0.004655 -236.725583
0.597531 0.005690 -234.511035
0.597531 0.006724 -234.079182
0.597531 0.007759 -233.062211
0.597531 0.008793 -233.672074
0.597531 0.009828 -232.357962
0.597531 0.010862 -231.903536
0.597531 0.011897 -231.107450
0.597531 0.012931 -230.594160
0.597531 0.013966 -230.907788
0.597531 0.015000 -230.080643
0.628947 -0.015000 -341.106872
0.628947 -0.013966 -341.165185
0.628947 -0.012931 -341.190774
0.628947 -0.011897 -341.157622
0.628947 -0.010862 -341.114951
0.628947 -0.009828 -341.115563
0.628947 -0.008793 -341.153963
0.628947 -0.007759 -341.183347
0.628947 -0.006724 -341.175474
0.628947 -0.005690 -341.146304
0.628947 -0.004655 -341.134367
0.628947 -0.003621 -341.114946
0.628947 -0.002586 -341.092883
0.628947 -0.001552 -308.723096
0.628947 -0.000517 -281.147581
0.628947 0.000517 -249.831457
0.628947 0.001552 -244.856780
0.628947 0.002586 -242.565339
0.628947 0.003621 -241.550313
0.628947 0.004655 -240.812652
0.628947 0.005690 -238.527337
0.628947 0.006724 -238.099107
0.628947 0.007759 -237.034467
0.628947 0.008793 -237.697336
0.628947 0.009828 -236.309626
0.628947 0.010862 -235.857971
0.628947 0.011897 -235.022601
0.628947 0.012931 -234.568918
0.628947 0.013966 -234.770844
0.628947 0.015000 -233.881200
0.660363 -0.015000 -344.132037
0.660363 -0.013966 -344.190339
0.660363 -0.012931 -344.215969
0.660363 -0.011897 -344.182850
0.660363 -0.010862 -344.140165
0.660363 -0.009828 -344.140736
0.660363 -0.008793 -344.179115
0.660363 -0.007759 -344.208520
0.660363 -0.006724 -344.200683
0.660363 -0.005690 -344.171713
0.660363 -0.004655 -344.159618
0.660363 -0.003621 -344.146087
0.660363 -0.002586 -344.142213
0.660363 -0.001552 -312.857671
0.660363 -0.000517 -285.278666
0.660363 0.000517 -253.950414
0.660363 0.001552 -248.962574
0.660363 0.002586 -246.660984
0.660363 0.003621 -245.639091
0.660363 0.004655 -244.899750
0.660363 0.005690 -242.543497
0.660363 0.006724 -242.119112
0.660363 0.007759 -241.006986
0.660363 0.008793 -241.701040
0.660363 0.009828 -240.261361
0.660363 0.010862 -239.812329
0.660363 0.011897 -238.908534
0.660363 0.012931 -238.519997
0.660363 0.013966 -238.619602
0.660363 0.015000 -237.656439
0.691779 -0.015000 -347.157018
0.691779 -0.013966 -347.215308
0.691779 -0.012931 -347.240978
0.691779 -0.011897 -347.207893
0.691779 -0.010862 -347.165195
0.691779 -0.009828 -347.165725
0.691779 -0.008793 -347.204084
0.691779 -0.007759 -347.233508
0.691779 -0.006724 -347.225708
0.691779 -0.005690 -347.196915
0.691779 -0.004655 -347.184678
0.691779 -0.003621 -347.175681
0.691779 -0.002586 -347.174146
0.691779 -0.001552 -316.992226
0.691779 -0.000517 -289.409750
0.691779 0.000517 -258.069380
0.691779 0.001552 -253.068371
0.691779 0.002586 -250.756627
0.691779 0.003621 -249.727829
0.691779 0.004655 -248.986876
0.691779 0.005690 -246.559511
0.691779 0.006724 -246.139199
0.691779 0.007759 -244.979769
0.691779 0.008793 -245.663957
0.691779 0.009828 -244.212097
0.691779 0.010862 -243.765657
0.691779 0.011897 -242.782271
0.691779 0.012931 -242.417858
0.691779 0.013966 -242.454984
0.691779 0.015000 -241.421843
0.723195 -0.015000 -350.181834
0.723195 -0.013966 -350.240111
0.723195 -0.012931 -350.265820
0.723195 -0.011897 -350.232771
0.723195 -0.010862 -350.190061
0.723195 -0.009828 -350.190551
0.723195 -0.008793 -350.228888
0.723195 -0.007759 -350.258331
0.723195 -0.006724 -350.250566
0.723195 -0.005690 -350.221930
0.723195 -0.004655 -350.209569
0.723195 -0.003621 -350.204111
0.723195 -0.002586 -350.203115
0.723195 -0.001552 -321.126755
0.723195 -0.000517 -293.540832
0.723195 0.000517 -262.188355
0.723195 0.001552 -257.174169
0.723195 0.002586 -254.852267
0.723195 0.003621 -253.816526
0.723195 0.004655 -253.074035
0.723195 0.005690 -250.575379
0.723195 0.006724 -250.159371
0.723195 0.007759 -248.952819
0.723195 0.008793 -249.628679
0.723195 0.009828 -248.158043
0.723195 0.010862 -247.714584
0.723195 0.011897 -246.646860
0.723195 0.012931 -246.293060
0.723195 0.013966 -246.285150
0.723195 0.015000 -245.184505
0.754611 -0.015000 -353.206501
0.754611 -0.013966 -353.264764
0.754611 -0.012931 -353.290511
0.754611 -0.011897 -353.257500
0.754611 -0.010862 -353.214779
0.754611 -0.009828 -353.215228
0.754611 -0.008793 -353.253543
0.754611 -0.007759 -353.283004
0.754611 -0.006724 -353.275274
0.754611 -0.005690 -353.246777
0.754611 -0.004655 -353.234305
0.754611 -0.003621 -353.231650
0.754611 -0.002586 -353.231372
0.754611 -0.001552 -325.261257
0.754611 -0.000517 -297.671912
0.754611 0.000517 -266.307337
0.754611 0.001552 -261.279970
0.754611 0.002586 -258.947904
0.754611 0.003621 -257.905182
0.754611 0.004655 -257.161235
0.754611 0.005690 -254.591100
0.754611 0.006724 -254.179629
0.754611 0.007759 -252.926139
0.754611 0.008793 -253.595449
0.754611 0.009828 -252.090435
0.754611 0.010862 -251.651275
0.754611 0.011897 -250.494325
0.754611 0.012931 -250.160379
0.754611 0.013966 -250.113921
0.754611 0.015000 -248.946387
0.786026 -0.015000 -356.231032
0.786026 -0.013966 -356.289280
0.786026 -0.012931 -356.315066
0.786026 -0.011897 -356.282092
0.786026 -0.010862 -356.239361
0.786026 -0.009828 -356.239769
0.786026 -0.008793 -356.278061
0.786026 -0.007759 -356.307541
0.786026 -0.006724 -356.299846
0.786026 -0.005690 -356.271473
0.786026 -0.004655 -356.258901
0.786026 -0.003621 -356.258497
0.786026 -0.002586 -356.259184
0.786026 -0.001552 -329.395727
0.786026 -0.000517 -301.802990
0.786026 0.000517 -270.426328
0.786026 0.001552 -265.385772
0.786026 0.002586 -263.043540
0.786026 0.003621 -261.993795
0.786026 0.004655 -261.248520
0.786026 0.005690 -258.606671
0.786026 0.006724 -258.199977
0.786026 0.007759 -256.899730
0.786026 0.008793 -257.563159
0.786026 0.009828 -256.004946
0.786026 0.010862 -255.570163
0.786026 0.011897 -254.324981
0.786026 0.012931 -254.025430
0.786026 0.013966 -253.942187
0.786026 0.015000 -252.707971
0.817442 -0.015000 -359.255439
0.817442 -0.013966 -359.313670
0.817442 -0.012931 -359.339495
0.817442 -0.011897 -359.306560
0.817442 -0.010862 -359.263820
0.817442 -0.009828 -359.264187
0.817442 -0.008793 -359.302456
0.817442 -0.007759 -359.331953
0.817442 -0.006724 -359.324293
0.817442 -0.005690 -359.296030
0.817442 -0.004655 -359.283370
0.817442 -0.003621 -359.284794
0.817442 -0.002586 -359.286606
0.817442 -0.001552 -333.530161
0.817442 -0.000517 -305.934066
0.817442 0.000517 -274.545328
0.817442 0.001552 -269.491577
0.817442 0.002586 -267.139173
0.817442 0.003621 -266.082365
0.817442 0.004655 -265.336050
0.817442 0.005690 -262.622092
0.817442 0.006724 -262.220417
0.817442 0.007759 -260.873595
0.817442 0.008793 -261.531924
0.817442 0.009828 -259.909915
0.817442 0.010862 -259.477362
0.817442 0.011897 -258.147795
0.817442 0.012931 -257.889757
0.817442 0.013966 -257.769317
0.817442 0.015000 -256.469367
0.848858 -0.015000 -362.279732
0.848858 -0.013966 -362.337945
0.848858 -0.012931 -362.363808
0.848858 -0.011897 -362.330912
0.848858 -0.010862 -362.288164
0.848858 -0.009828 -362.288491
0.848858 -0.008793 -362.326736
0.848858 -0.007759 -362.356249
0.848858 -0.006724 -362.348625
0.848858 -0.005690 -362.320460
0.848858 -0.004655 -362.307720
0.848858 -0.003621 -362.310647
0.848858 -0.002586 -362.313664
0.848858 -0.001552 -337.664554
0.848858 -0.000517 -310.065140
0.848858 0.000517 -278.664336
0.848858 0.001552 -273.597383
0.848858 0.002586 -271.234803
0.848858 0.003621 -270.170892
0.848858 0.004655 -269.424359
0.848858 0.005690 -266.637362
0.848858 0.006724 -266.240951
0.848858 0.007759 -264.847735
0.848858 0.008793 -265.503155
0.848858 0.009828 -263.812569
0.848858 0.010862 -263.380441
0.848858 0.011897 -261.968059
0.848858 0.012931 -261.753787
0.848858 0.013966 -261.591014
0.848858 0.015000 -260.230595
0.880274 -0.015000 -365.303917
0.880274 -0.013966 -365.362113
0.880274 -0.012931 -365.388013
0.880274 -0.011897 -365.355157
0.880274 -0.010862 -365.312401
0.880274 -0.009828 -365.312688
0.880274 -0.008793 -365.350909
0.880274 -0.007759 -365.380439
0.880274 -0.006724 -365.372849
0.880274 -0.005690 -365.344772
0.880274 -0.004655 -365.331960
0.880274 -0.003621 -365.336135
0.880274 -0.002586 -365.340376
0.880274 -0.001552 -341.798900
0.880274 -0.000517 -314.196210
0.880274 0.000517 -282.783353
0.880274 0.001552 -277.703192
0.880274 0.002586 -275.330432
0.880274 0.003621 -274.259374
0.880274 0.004655 -273.513112
0.880274 0.005690 -270.652478
0.880274 0.006724 -270.261582
0.880274 0.007759 -268.822151
0.880274 0.008793 -269.472442
0.880274 0.009828 -267.715750
0.880274 0.010862 -267.282520
0.880274 0.011897 -265.787429
0.880274 0.012931 -265.617490
0.880274 0.013966 -265.391973
0.880274 0.015000 -263.991649
0.911690 -0.015000 -368.328003
0.911690 -0.013966 -368.386181
0.911690 -0.012931 -368.412118
0.911690 -0.011897 -368.379302
0.911690 -0.010862 -368.336539
0.911690 -0.009828 -368.336786
0.911690 -0.008793 -368.374983
0.911690 -0.007759 -368.404528
0.911690 -0.006724 -368.396972
0.911690 -0.005690 -368.368975
0.911690 -0.004655 -368.356099
0.911690 -0.003621 -368.361315
0.911690 -0.002586 -368.366762
0.911690 -0.001552 -345.933193
0.911690 -0.000517 -318.327278
0.911690 0.000517 -286.902378
0.911690 0.001552 -281.809002
0.911690 0.002586 -279.426058
0.911690 0.003621 -278.347814
0.911690 0.004655 -277.576894
0.911690 0.005690 -274.667437
0.911690 0.006724 -274.282312
0.911690 0.007759 -272.796846
0.911690 0.008793 -273.394096
0.911690 0.009828 -271.621435
0.911690 0.010862 -271.184482
0.911690 0.011897 -269.606321
0.911690 0.012931 -269.475693
0.911690 0.013966 -269.158098
0.911690 0.015000 -267.752515
0.943106 -0.015000 -371.351996
0.943106 -0.013966 -371.410154
0.943106 -0.012931 -371.436128
0.943106 -0.011897 -371.403352
0.943106 -0.010862 -371.360584
0.943106 -0.009828 -371.360791
0.943106 -0.008793 -371.398963
0.943106 -0.007759 -371.428524
0.943106 -0.006724 -371.421002
0.943106 -0.005690 -371.393075
0.943106 -0.004655 -371.380141
0.943106 -0.003621 -371.386234
0.943106 -0.002586 -371.392839
0.943106 -0.001552 -350.067426
0.943106 -0.000517 -322.458342
0.943106 0.000517 -291.021411
0.943106 0.001552 -285.914815
0.943106 0.002586 -283.521682
0.943106 0.003621 -282.436221
0.943106 0.004655 -281.608970
0.943106 0.005690 -278.682231
0.943106 0.006724 -278.303142
0.943106 0.007759 -276.771822
0.943106 0.008793 -277.305132
0.943106 0.009828 -275.535703
0.943106 0.010862 -275.086549
0.943106 0.011897 -273.424786
0.943106 0.012931 -273.304058
0.943106 0.013966 -272.894110
0.943106 0.015000 -271.513167
0.974522 -0.015000 -374.375900
0.974522 -0.013966 -374.434038
0.974522 -0.012931 -374.460048
0.974522 -0.011897 -374.427313
0.974522 -0.010862 -374.384540
0.974522 -0.009828 -374.384707
0.974522 -0.008793 -374.422854
0.974522 -0.007759 -374.452430
0.974522 -0.006724 -374.444941
0.974522 -0.005690 -374.417078
0.974522 -0.004655 -374.404092
0.974522 -0.003621 -374.410926
0.974522 -0.002586 -374.418627
0.974522 -0.001552 -354.201589
0.974522 -0.000517 -326.589402
0.974522 0.000517 -295.140453
0.974522 0.001552 -290.020629
0.974522 0.002586 -287.617304
0.974522 0.003621 -286.524637
0.974522 0.004655 -285.640361
0.974522 0.005690 -282.696821
0.974522 0.006724 -282.324076
0.974522 0.007759 -280.747084
0.974522 0.008793 -281.219179
0.974522 0.009828 -279.457977
0.974522 0.010862 -278.988768
0.974522 0.011897 -277.242648
0.974522 0.012931 -277.113443
0.974522 0.013966 -276.617744
0.974522 0.015000 -275.273527
1.005938 -0.015000 -377.399719
1.005938 -0.013966 -377.457837
1.005938 -0.012931 -377.483883
1.005938 -0.011897 -377.451189
1.005938 -0.010862 -377.408410
1.005938 -0.009828 -377.408538
1.005938 -0.008793 -377.446659
1.005938 -0.007759 -377.476250
1.005938 -0.006724 -377.468795
1.005938 -0.005690 -377.440991
1.005938 -0.004655 -377.427956
1.005938 -0.003621 -377.435420
1.005938 -0.002586 -377.444144
1.005938 -0.001552 -358.335673
1.005938 -0.000517 -330.720457
1.005938 0.000517 -299.259504
1.005938 0.001552 -294.126445
1.005938 0.002586 -291.712925
1.005938 0.003621 -290.613236
1.005938 0.004655 -289.672666
1.005938 0.005690 -286.711062
1.005938 0.006724 -286.345116
1.005938 0.007759 -284.722654
1.005938 0.008793 -285.134571
1.005938 0.009828 -283.282006
1.005938 0.010862 -282.891142
1.005938 0.011897 -281.059109
1.005938 0.012931 -280.920985
1.005938 0.013966 -280.338620
1.005938 0.015000 -279.033285
