    0.020    0.033    0.000    0.000    288.086  1.2228e-03  1.0112e+03
    0.220    0.035    0.000    0.000    286.944  1.2008e-03  9.8910e+02
    0.420    0.037    0.000    0.000    285.810  1.1789e-03  9.6724e+02
    0.620    0.040    0.000    0.000    284.682  1.1572e-03  9.4564e+02
    0.820    0.042    0.000    0.000    283.561  1.1355e-03  9.2431e+02
    1.020    0.045    0.000    0.000    282.447  1.1140e-03  9.0325e+02
    1.220    0.048    0.000    0.000    281.340  1.0927e-03  8.8248e+02
    1.420    0.051    0.000    0.000    280.240  1.0715e-03  8.6199e+02
    1.620    0.054    0.000    0.000    279.147  1.0505e-03  8.4179e+02
    1.820    0.058    0.000    0.000    278.061  1.0297e-03  8.2190e+02
    2.020    0.061    0.000    0.000    276.982  1.0091e-03  8.0230e+02
    2.220    0.065    0.000    0.000    275.910  9.8862e-04  7.8301e+02
    2.420    0.069    0.000    0.000    274.846  9.6838e-04  7.6402e+02
    2.620    0.074    0.000    0.000    273.789  9.4836e-04  7.4535e+02
    2.820    0.078    0.000    0.000    272.740  9.2855e-04  7.2698e+02
    3.020    0.083    0.000    0.000    271.698  9.0897e-04  7.0894e+02
    3.220    0.088    0.000    0.000    270.664  8.8962e-04  6.9120e+02
    3.420    0.094    0.000    0.000    269.637  8.7051e-04  6.7378e+02
    3.620    0.100    0.000    0.000    268.618  8.5163e-04  6.5668e+02
    3.820    0.106    0.000    0.000    267.607  8.3300e-04  6.3990e+02
    4.020    0.112    0.000    0.000    266.604  8.1462e-04  6.2343e+02
    4.220    0.119    0.000    0.000    265.608  7.9649e-04  6.0728e+02
    4.420    0.126    0.000    0.000    264.621  7.7861e-04  5.9145e+02
    4.620    0.134    0.000    0.000    263.641  7.6100e-04  5.7593e+02
    4.820    0.142    0.000    0.000    262.670  7.4365e-04  5.6072e+02
    5.020    0.150    0.000    0.000    261.707  7.2656e-04  5.4583e+02
    5.220    0.159    0.000    0.000    260.752  7.0973e-04  5.3124e+02
    5.420    0.168    0.000    0.000    259.805  6.9317e-04  5.1696e+02
    5.620    0.178    0.000    0.000    258.867  6.7689e-04  5.0299e+02
    5.820    0.188    0.000    0.000    257.937  6.6087e-04  4.8932e+02
    6.020    0.199    0.000    0.000    257.015  6.4512e-04  4.7596e+02
    6.220    0.211    0.000    0.000    256.102  6.2964e-04  4.6288e+02
    6.420    0.223    0.000    0.000    255.197  6.1443e-04  4.5011e+02
    6.620    0.236    0.000    0.000    254.301  5.9949e-04  4.3762e+02
    6.820    0.249    0.000    0.000    253.414  5.8482e-04  4.2542e+02
    7.020    0.263    0.000    0.000    252.536  5.7042e-04  4.1351e+02
    7.220    0.278    0.000    0.000    251.666  5.5629e-04  4.0188e+02
    7.420    0.294    0.000    0.000    250.805  5.4242e-04  3.9052e+02
    7.620    0.310    0.000    0.000    249.953  5.2883e-04  3.7944e+02
    7.820    0.327    0.000    0.000    249.110  5.1549e-04  3.6862e+02
    8.020    0.346    0.000    0.000    248.276  5.0243e-04  3.5808e+02
    8.220    0.365    0.000    0.000    247.451  4.8962e-04  3.4779e+02
    8.420    0.385    0.000    0.000    246.635  4.7707e-04  3.3776e+02
    8.620    0.406    0.000    0.000    245.828  4.6478e-04  3.2798e+02
    8.820    0.428    0.000    0.000    245.030  4.5274e-04  3.1845e+02
    9.020    0.451    0.000    0.000    244.242  4.4096e-04  3.0916e+02
    9.220    0.475    0.000    0.000    243.462  4.2942e-04  3.0011e+02
    9.420    0.500    0.000    0.000    242.693  4.1814e-04  2.9130e+02
    9.620    0.527    0.000    0.000    241.932  4.0710e-04  2.8272e+02
    9.820    0.555    0.000    0.000    241.181  3.9630e-04  2.7437e+02
   10.020    0.584    0.000    0.000    240.440  3.8574e-04  2.6624e+02
   10.220    0.614    0.000    0.000    239.708  3.7541e-04  2.5832e+02
   10.420    0.646    0.000    0.000    238.985  3.6532e-04  2.5062e+02
   10.620    0.680    0.000    0.000    238.272  3.5546e-04  2.4313e+02
   10.820    0.715    0.000    0.000    237.569  3.4582e-04  2.3584e+02
   11.020    0.752    0.000    0.000    236.875  3.3641e-04  2.2875e+02
   11.220    0.790    0.000    0.000    236.191  3.2722e-04  2.2186e+02
   11.420    0.830    0.000    0.000    235.517  3.1825e-04  2.1516e+02
   11.620    0.872    0.000    0.000    234.853  3.0949e-04  2.0864e+02
   11.820    0.916    0.000    0.000    234.198  3.0093e-04  2.0231e+02
   12.020    0.962    0.000    0.000    233.553  2.9259e-04  1.9616e+02
   12.220    1.009    0.000    0.000    232.919  2.8445e-04  1.9018e+02
   12.420    1.059    0.000    0.000    232.294  2.7650e-04  1.8438e+02
   12.620    1.111    0.000    0.000    231.679  2.6876e-04  1.7874e+02
   12.820    1.166    0.000    0.000    231.074  2.6120e-04  1.7326e+02
   13.020    1.222    0.000    0.000    230.479  2.5384e-04  1.6794e+02
   13.220    1.281    0.000    0.000    229.894  2.4666e-04  1.6278e+02
   13.420    1.343    0.000    0.000    229.319  2.3966e-04  1.5776e+02
   13.620    1.407    0.000    0.000    228.754  2.3284e-04  1.5290e+02
   13.820    1.474    0.000    0.000    228.199  2.2619e-04  1.4817e+02
   14.020    1.544    0.000    0.000    227.655  2.1972e-04  1.4359e+02
   14.220    1.616    0.000    0.000    227.121  2.1342e-04  1.3914e+02
   14.420    1.692    0.000    0.000    226.596  2.0727e-04  1.3482e+02
   14.620    1.770    0.000    0.000    226.083  2.0129e-04  1.3064e+02
   14.820    1.852    0.000    0.000    225.579  1.9547e-04  1.2658e+02
   15.020    1.937    0.000    0.000    225.085  1.8980e-04  1.2264e+02
   15.220    2.026    0.000    0.000    224.602  1.8429e-04  1.1882e+02
   15.420    2.118    0.000    0.000    224.129  1.7892e-04  1.1511e+02
   15.620    2.213    0.000    0.000    223.667  1.7369e-04  1.1152e+02
   15.820    2.312    0.000    0.000    223.214  1.6861e-04  1.0804e+02
   16.020    2.416    0.000    0.000    222.772  1.6366e-04  1.0466e+02
   16.220    2.523    0.000    0.000    222.341  1.5885e-04  1.0139e+02
   16.420    2.634    0.000    0.000    221.919  1.5418e-04  9.8216e+01
   16.620    2.749    0.000    0.000    221.508  1.4963e-04  9.5141e+01
   16.820    2.869    0.000    0.000    221.108  1.4520e-04  9.2161e+01
   17.020    2.993    0.000    0.000    220.717  1.4090e-04  8.9273e+01
   17.220    3.121    0.000    0.000    220.338  1.3672e-04  8.6474e+01
   17.420    3.255    0.000    0.000    219.968  1.3265e-04  8.3763e+01
   17.620    3.393    0.000    0.000    219.609  1.2870e-04  8.1135e+01
   17.820    3.536    0.000    0.000    219.260  1.2486e-04  7.8590e+01
   18.020    3.684    0.000    0.000    218.922  1.2113e-04  7.6124e+01
   18.220    3.838    0.000    0.000    218.594  1.1751e-04  7.3736e+01
   18.420    3.997    0.000    0.000    218.276  1.1399e-04  7.1422e+01
   18.620    4.161    0.000    0.000    217.969  1.1057e-04  6.9181e+01
   18.820    4.331    0.000    0.000    217.672  1.0724e-04  6.7010e+01
   19.020    4.507    0.000    0.000    217.386  1.0402e-04  6.4908e+01
   19.220    4.688    0.000    0.000    217.109  1.0088e-04  6.2872e+01
   19.420    4.876    0.000    0.000    216.844  9.7837e-05  6.0900e+01
   19.620    5.070    0.000    0.000    216.588  9.4882e-05  5.8991e+01
   19.820    5.270    0.000    0.000    216.343  9.2012e-05  5.7142e+01
   20.020    5.477    0.000    0.000    216.108  8.9226e-05  5.5352e+01
   20.220    5.691    0.000    0.000    215.883  8.6522e-05  5.3618e+01
   20.420    5.911    0.000    0.000    215.669  8.3896e-05  5.1940e+01
   20.620    6.139    0.000    0.000    215.465  8.1348e-05  5.0315e+01
   20.820    6.373    0.000    0.000    215.271  7.8875e-05  4.8741e+01
   21.020    6.615    0.000    0.000    215.087  7.6476e-05  4.7218e+01
   21.220    6.864    0.000    0.000    214.914  7.4147e-05  4.5743e+01
   21.420    7.120    0.000    0.000    214.750  7.1887e-05  4.4315e+01
   21.620    7.385    0.000    0.000    214.597  6.9694e-05  4.2933e+01
   21.820    7.657    0.000    0.000    214.454  6.7567e-05  4.1595e+01
   22.020    7.937    0.000    0.000    214.321  6.5503e-05  4.0299e+01
   22.220    8.226    0.000    0.000    214.198  6.3501e-05  3.9045e+01
   22.420    8.522    0.000    0.000    214.085  6.1559e-05  3.7831e+01
   22.620    8.827    0.000    0.000    213.982  5.9676e-05  3.6656e+01
   22.820    9.141    0.000    0.000    213.889  5.7849e-05  3.5518e+01
   23.020    9.463    0.000    0.000    213.806  5.6077e-05  3.4417e+01
   23.220    9.795    0.000    0.000    213.733  5.4358e-05  3.3351e+01
   23.420   10.135    0.000    0.000    213.669  5.2692e-05  3.2319e+01
   23.620   10.484    0.000    0.000    213.616  5.1076e-05  3.1320e+01
   23.820   10.843    0.000    0.000    213.572  4.9509e-05  3.0353e+01
   24.020   11.211    0.000    0.000    213.537  4.7989e-05  2.9416e+01
   24.220   11.589    0.000    0.000    213.513  4.6516e-05  2.8510e+01
   24.420   11.976    0.000    0.000    213.498  4.5088e-05  2.7633e+01
   24.620   12.373    0.000    0.000    213.493  4.3703e-05  2.6783e+01
   24.820   12.780    0.000    0.000    213.497  4.2361e-05  2.5961e+01
   25.020   13.197    0.000    0.000    213.511  4.1060e-05  2.5165e+01
   25.220   13.624    0.000    0.000    213.534  3.9798e-05  2.4395e+01
   25.420   14.061    0.000    0.000    213.566  3.8575e-05  2.3649e+01
   25.620   14.509    0.000    0.000    213.608  3.7390e-05  2.2927e+01
   25.820   14.967    0.000    0.000    213.659  3.6241e-05  2.2228e+01
   26.020   15.435    0.000    0.000    213.719  3.5128e-05  2.1551e+01
   26.220   15.914    0.000    0.000    213.788  3.4048e-05  2.0895e+01
   26.420   16.404    0.000    0.000    213.867  3.3002e-05  2.0261e+01
   26.620   16.904    0.000    0.000    213.954  3.1989e-05  1.9646e+01
   26.820   17.416    0.000    0.000    214.050  3.1006e-05  1.9052e+01
   27.020   17.938    0.000    0.000    214.155  3.0054e-05  1.8476e+01
   27.220   18.471    0.000    0.000    214.269  2.9131e-05  1.7918e+01
   27.420   19.015    0.000    0.000    214.392  2.8237e-05  1.7378e+01
   27.620   19.570    0.000    0.000    214.523  2.7371e-05  1.6855e+01
   27.820   20.136    0.000    0.000    214.663  2.6531e-05  1.6349e+01
   28.020   20.713    0.000    0.000    214.812  2.5717e-05  1.5858e+01
   28.220   21.302    0.000    0.000    214.969  2.4929e-05  1.5383e+01
   28.420   21.901    0.000    0.000    215.134  2.4165e-05  1.4923e+01
   28.620   22.512    0.000    0.000    215.308  2.3425e-05  1.4478e+01
   28.820   23.133    0.000    0.000    215.489  2.2708e-05  1.4046e+01
   29.020   23.766    0.000    0.000    215.679  2.2013e-05  1.3629e+01
   29.220   24.410    0.000    0.000    215.877  2.1339e-05  1.3224e+01
   29.420   25.065    0.000    0.000    216.083  2.0687e-05  1.2832e+01
   29.620   25.730    0.000    0.000    216.297  2.0055e-05  1.2452e+01
   29.820   26.407    0.000    0.000    216.518  1.9442e-05  1.2084e+01
   30.020   27.094    0.000    0.000    216.747  1.8849e-05  1.1727e+01
   30.220   27.793    0.000    0.000    216.984  1.8274e-05  1.1382e+01
   30.420   28.502    0.000    0.000    217.228  1.7717e-05  1.1048e+01
   30.620   29.221    0.000    0.000    217.480  1.7177e-05  1.0723e+01
   30.820   29.951    0.000    0.000    217.739  1.6654e-05  1.0409e+01
   31.020   30.692    0.000    0.000    218.005  1.6147e-05  1.0105e+01
   31.220   31.443    0.000    0.000    218.278  1.5656e-05  9.8101e+00
   31.420   32.204    0.000    0.000    218.559  1.5181e-05  9.5243e+00
   31.620   32.974    0.000    0.000    218.846  1.4720e-05  9.2474e+00
   31.820   33.755    0.000    0.000    219.140  1.4274e-05  8.9790e+00
   32.020   34.545    0.000    0.000    219.441  1.3841e-05  8.7188e+00
   32.220   35.345    0.000    0.000    219.748  1.3422e-05  8.4666e+00
   32.420   36.154    0.000    0.000    220.062  1.3016e-05  8.2222e+00
   32.620   36.972    0.000    0.000    220.383  1.2623e-05  7.9853e+00
   32.820   37.799    0.000    0.000    220.709  1.2241e-05  7.7556e+00
   33.020   38.634    0.000    0.000    221.042  1.1872e-05  7.5330e+00
   33.220   39.478    0.000    0.000    221.381  1.1514e-05  7.3171e+00
   33.420   40.330    0.000    0.000    221.725  1.1167e-05  7.1078e+00
   33.620   41.190    0.000    0.000    222.076  1.0831e-05  6.9049e+00
   33.820   42.057    0.000    0.000    222.432  1.0506e-05  6.7082e+00
   34.020   42.932    0.000    0.000    222.794  1.0191e-05  6.5174e+00
   34.220   43.814    0.000    0.000    223.161  9.8849e-06  6.3323e+00
   34.420   44.702    0.000    0.000    223.534  9.5888e-06  6.1529e+00
   34.620   45.596    0.000    0.000    223.912  9.3019e-06  5.9788e+00
   34.820   46.497    0.000    0.000    224.295  9.0238e-06  5.8100e+00
   35.020   47.403    0.000    0.000    224.683  8.7544e-06  5.6463e+00
   35.220   48.315    0.000    0.000    225.076  8.4933e-06  5.4875e+00
   35.420   49.231    0.000    0.000    225.474  8.2402e-06  5.3334e+00
   35.620   50.152    0.000    0.000    225.876  7.9951e-06  5.1839e+00
   35.820   51.077    0.000    0.000    226.283  7.7574e-06  5.0389e+00
   36.020   52.006    0.000    0.000    226.694  7.5272e-06  4.8982e+00
   36.220   52.938    0.000    0.000    227.109  7.3040e-06  4.7617e+00
   36.420   53.873    0.000    0.000    227.528  7.0877e-06  4.6293e+00
   36.620   54.811    0.000    0.000    227.951  6.8781e-06  4.5007e+00
   36.820   55.751    0.000    0.000    228.378  6.6750e-06  4.3760e+00
   37.020   56.692    0.000    0.000    228.809  6.4781e-06  4.2549e+00
   37.220   57.634    0.000    0.000    229.243  6.2872e-06  4.1374e+00
   37.420   58.577    0.000    0.000    229.681  6.1023e-06  4.0233e+00
   37.620   59.521    0.000    0.000    230.122  5.9230e-06  3.9126e+00
   37.820   60.464    0.000    0.000    230.566  5.7492e-06  3.8052e+00
   38.020   61.406    0.000    0.000    231.013  5.5807e-06  3.7008e+00
   38.220   62.347    0.000    0.000    231.463  5.4175e-06  3.5995e+00
   38.420   63.286    0.000    0.000    231.915  5.2592e-06  3.5012e+00
   38.620   64.223    0.000    0.000    232.370  5.1057e-06  3.4057e+00
   38.820   65.157    0.000    0.000    232.827  4.9569e-06  3.3130e+00
   39.020   66.087    0.000    0.000    233.287  4.8127e-06  3.2229e+00
   39.220   67.014    0.000    0.000    233.749  4.6729e-06  3.1355e+00
   39.420   67.937    0.000    0.000    234.212  4.5373e-06  3.0506e+00
   39.620   68.854    0.000    0.000    234.678  4.4059e-06  2.9681e+00
   39.820   69.766    0.000    0.000    235.145  4.2785e-06  2.8880e+00
   40.020   70.672    0.000    0.000    235.613  4.1549e-06  2.8102e+00
   40.220   71.571    0.000    0.000    236.083  4.0351e-06  2.7346e+00
   40.420   72.464    0.000    0.000    236.554  3.9189e-06  2.6611e+00
   40.620   73.348    0.000    0.000    237.026  3.8062e-06  2.5898e+00
   40.820   74.225    0.000    0.000    237.498  3.6970e-06  2.5204e+00
   41.020   75.093    0.000    0.000    237.972  3.5910e-06  2.4531e+00
   41.220   75.951    0.000    0.000    238.446  3.4883e-06  2.3876e+00
   41.420   76.800    0.000    0.000    238.920  3.3886e-06  2.3240e+00
   41.620   77.638    0.000    0.000    239.395  3.2920e-06  2.2622e+00
   41.820   78.465    0.000    0.000    239.869  3.1982e-06  2.2022e+00
   42.020   79.281    0.000    0.000    240.344  3.1073e-06  2.1438e+00
   42.220   80.084    0.000    0.000    240.818  3.0191e-06  2.0870e+00
   42.420   80.875    0.000    0.000    241.292  2.9335e-06  2.0319e+00
   42.620   81.653    0.000    0.000    241.765  2.8505e-06  1.9783e+00
   42.820   82.418    0.000    0.000    242.238  2.7700e-06  1.9261e+00
   43.020   83.168    0.000    0.000    242.709  2.6919e-06  1.8755e+00
   43.220   83.904    0.000    0.000    243.179  2.6161e-06  1.8262e+00
   43.420   84.624    0.000    0.000    243.648  2.5425e-06  1.7783e+00
   43.620   85.329    0.000    0.000    244.116  2.4712e-06  1.7317e+00
   43.820   86.018    0.000    0.000    244.582  2.4020e-06  1.6864e+00
   44.020   86.690    0.000    0.000    245.046  2.3348e-06  1.6423e+00
   44.220   87.345    0.000    0.000    245.508  2.2696e-06  1.5995e+00
   44.420   87.982    0.000    0.000    245.968  2.2063e-06  1.5578e+00
   44.620   88.601    0.000    0.000    246.426  2.1450e-06  1.5173e+00
   44.820   89.202    0.000    0.000    246.882  2.0854e-06  1.4779e+00
   45.020   89.784    0.000    0.000    247.334  2.0275e-06  1.4395e+00
   45.220   90.347    0.000    0.000    247.784  1.9714e-06  1.4022e+00
   45.420   90.890    0.000    0.000    248.231  1.9169e-06  1.3659e+00
   45.620   91.412    0.000    0.000    248.675  1.8641e-06  1.3306e+00
   45.820   91.915    0.000    0.000    249.115  1.8127e-06  1.2963e+00
   46.020   92.396    0.000    0.000    249.552  1.7629e-06  1.2629e+00
   46.220   92.856    0.000    0.000    249.985  1.7145e-06  1.2303e+00
   46.420   93.294    0.000    0.000    250.414  1.6675e-06  1.1987e+00
   46.620   93.711    0.000    0.000    250.839  1.6219e-06  1.1679e+00
   46.820   94.105    0.000    0.000    251.260  1.5777e-06  1.1379e+00
   47.020   94.477    0.000    0.000    251.677  1.5347e-06  1.1087e+00
   47.220   94.826    0.000    0.000    252.089  1.4929e-06  1.0803e+00
   47.420   95.151    0.000    0.000    252.496  1.4524e-06  1.0527e+00
   47.620   95.454    0.000    0.000    252.898  1.4130e-06  1.0258e+00
   47.820   95.733    0.000    0.000    253.295  1.3748e-06  9.9960e-01
   48.020   95.988    0.000    0.000    253.687  1.3376e-06  9.7410e-01
   48.220   96.219    0.000    0.000    254.073  1.3016e-06  9.4927e-01
   48.420   96.427    0.000    0.000    254.454  1.2665e-06  9.2510e-01
   48.620   96.609    0.000    0.000    254.829  1.2325e-06  9.0157e-01
   48.820   96.768    0.000    0.000    255.198  1.1994e-06  8.7865e-01
   49.020   96.902    0.000    0.000    255.560  1.1673e-06  8.5634e-01
   49.220   97.011    0.000    0.000    255.916  1.1361e-06  8.3461e-01
   49.420   97.095    0.000    0.000    256.266  1.1058e-06  8.1345e-01
   49.620   97.155    0.000    0.000    256.609  1.0763e-06  7.9284e-01
   49.820   97.190    0.000    0.000    256.945  1.0477e-06  7.7276e-01
   50.020   97.200    0.000    0.000    257.274  1.0199e-06  7.5321e-01
   50.220   97.185    0.000    0.000    257.596  9.9286e-07  7.3417e-01
   50.420   97.145    0.000    0.000    257.910  9.6659e-07  7.1562e-01
   50.620   97.081    0.000    0.000    258.217  9.4106e-07  6.9754e-01
   50.820   96.991    0.000    0.000    258.516  9.1625e-07  6.7994e-01
   51.020   96.877    0.000    0.000    258.807  8.9213e-07  6.6279e-01
   51.220   96.738    0.000    0.000    259.090  8.6869e-07  6.4608e-01
   51.420   96.575    0.000    0.000    259.364  8.4590e-07  6.2979e-01
   51.620   96.387    0.000    0.000    259.630  8.2375e-07  6.1393e-01
   51.820   96.175    0.000    0.000    259.887  8.0221e-07  5.9847e-01
   52.020   95.939    0.000    0.000    260.136  7.8127e-07  5.8341e-01
   52.220   95.679    0.000    0.000    260.375  7.6091e-07  5.6873e-01
   52.420   95.395    0.000    0.000    260.605  7.4112e-07  5.5442e-01
   52.620   95.088    0.000    0.000    260.826  7.2187e-07  5.4048e-01
   52.820   94.758    0.000    0.000    261.038  7.0315e-07  5.2689e-01
   53.020   94.404    0.000    0.000    261.239  6.8494e-07  5.1365e-01
   53.220   94.028    0.000    0.000    261.431  6.6724e-07  5.0074e-01
   53.420   93.629    0.000    0.000    261.613  6.5002e-07  4.8815e-01
   53.620   93.208    0.000    0.000    261.784  6.3327e-07  4.7589e-01
   53.820   92.766    0.000    0.000    261.945  6.1698e-07  4.6393e-01
   54.020   92.301    0.000    0.000    262.095  6.0113e-07  4.5227e-01
   54.220   91.816    0.000    0.000    262.235  5.8571e-07  4.4090e-01
   54.420   91.309    0.000    0.000    262.364  5.7071e-07  4.2982e-01
   54.620   90.783    0.000    0.000    262.482  5.5612e-07  4.1902e-01
   54.820   90.236    0.000    0.000    262.589  5.4192e-07  4.0849e-01
   55.020   89.669    0.000    0.000    262.684  5.2810e-07  3.9822e-01
   55.220   89.084    0.000    0.000    262.768  5.1466e-07  3.8820e-01
   55.420   88.479    0.000    0.000    262.840  5.0157e-07  3.7844e-01
   55.620   87.856    0.000    0.000    262.900  4.8884e-07  3.6891e-01
   55.820   87.215    0.000    0.000    262.948  4.7644e-07  3.5963e-01
   56.020   86.557    0.000    0.000    262.984  4.6438e-07  3.5057e-01
   56.220   85.881    0.000    0.000    263.008  4.5264e-07  3.4174e-01
   56.420   85.190    0.000    0.000    263.019  4.4121e-07  3.3312e-01
   56.620   84.482    0.000    0.000    263.018  4.3008e-07  3.2472e-01
   56.820   83.758    0.000    0.000    263.004  4.1925e-07  3.1652e-01
   57.020   83.019    0.000    0.000    262.977  4.0871e-07  3.0853e-01
   57.220   82.266    0.000    0.000    262.937  3.9844e-07  3.0073e-01
   57.420   81.499    0.000    0.000    262.883  3.8844e-07  2.9313e-01
   57.620   80.718    0.000    0.000    262.817  3.7870e-07  2.8571e-01
   57.820   79.925    0.000    0.000    262.737  3.6922e-07  2.7847e-01
   58.020   79.118    0.000    0.000    262.643  3.5999e-07  2.7141e-01
   58.220   78.300    0.000    0.000    262.536  3.5100e-07  2.6452e-01
   58.420   77.471    0.000    0.000    262.415  3.4224e-07  2.5780e-01
   58.620   76.631    0.000    0.000    262.280  3.3371e-07  2.5125e-01
   58.820   75.780    0.000    0.000    262.131  3.2540e-07  2.4485e-01
   59.020   74.920    0.000    0.000    261.967  3.1730e-07  2.3861e-01
   59.220   74.050    0.000    0.000    261.789  3.0941e-07  2.3252e-01
   59.420   73.172    0.000    0.000    261.597  3.0173e-07  2.2658e-01
   59.620   72.286    0.000    0.000    261.390  2.9424e-07  2.2078e-01
   59.820   71.392    0.000    0.000    261.169  2.8695e-07  2.1513e-01
   60.020   70.491    0.000    0.000    260.933  2.7984e-07  2.0961e-01
   60.220   69.584    0.000    0.000    260.681  2.7292e-07  2.0422e-01
   60.420   68.671    0.000    0.000    260.415  2.6617e-07  1.9897e-01
   60.620   67.752    0.000    0.000    260.134  2.5959e-07  1.9384e-01
   60.820   66.829    0.000    0.000    259.837  2.5317e-07  1.8884e-01
   61.020   65.902    0.000    0.000    259.526  2.4693e-07  1.8396e-01
   61.220   64.970    0.000    0.000    259.199  2.4083e-07  1.7919e-01
   61.420   64.036    0.000    0.000    258.856  2.3490e-07  1.7454e-01
   61.620   63.098    0.000    0.000    258.498  2.2911e-07  1.7001e-01
   61.820   62.159    0.000    0.000    258.124  2.2346e-07  1.6558e-01
   62.020   61.218    0.000    0.000    257.735  2.1796e-07  1.6126e-01
   62.220   60.275    0.000    0.000    257.330  2.1260e-07  1.5704e-01
   62.420   59.332    0.000    0.000    256.909  2.0737e-07  1.5293e-01
   62.620   58.389    0.000    0.000    256.472  2.0226e-07  1.4891e-01
   62.820   57.446    0.000    0.000    256.019  1.9729e-07  1.4499e-01
   63.020   56.504    0.000    0.000    255.550  1.9244e-07  1.4117e-01
   63.220   55.563    0.000    0.000    255.065  1.8771e-07  1.3744e-01
   63.420   54.623    0.000    0.000    254.564  1.8309e-07  1.3380e-01
   63.620   53.686    0.000    0.000    254.047  1.7859e-07  1.3024e-01
   63.820   52.752    0.000    0.000    253.514  1.7420e-07  1.2677e-01
   64.020   51.820    0.000    0.000    252.964  1.6992e-07  1.2339e-01
   64.220   50.892    0.000    0.000    252.399  1.6574e-07  1.2009e-01
   64.420   49.968    0.000    0.000    251.817  1.6167e-07  1.1686e-01
   64.620   49.047    0.000    0.000    251.219  1.5769e-07  1.1372e-01
   64.820   48.132    0.000    0.000    250.604  1.5381e-07  1.1065e-01
   65.020   47.222    0.000    0.000    249.974  1.5003e-07  1.0766e-01
   65.220   46.316    0.000    0.000    249.327  1.4634e-07  1.0473e-01
   65.420   45.417    0.000    0.000    248.664  1.4273e-07  1.0188e-01
   65.620   44.524    0.000    0.000    247.984  1.3922e-07  9.9101e-02
   65.820   43.637    0.000    0.000    247.289  1.3578e-07  9.6387e-02
   66.020   42.757    0.000    0.000    246.577  1.3243e-07  9.3739e-02
   66.220   41.883    0.000    0.000    245.849  1.2917e-07  9.1156e-02
   66.420   41.017    0.000    0.000    245.105  1.2598e-07  8.8635e-02
   66.620   40.159    0.000    0.000    244.344  1.2286e-07  8.6176e-02
   66.820   39.309    0.000    0.000    243.568  1.1982e-07  8.3778e-02
   67.020   38.467    0.000    0.000    242.776  1.1686e-07  8.1438e-02
   67.220   37.633    0.000    0.000    241.968  1.1396e-07  7.9155e-02
   67.420   36.808    0.000    0.000    241.143  1.1113e-07  7.6929e-02
   67.620   35.992    0.000    0.000    240.304  1.0837e-07  7.4757e-02
   67.820   35.184    0.000    0.000    239.448  1.0568e-07  7.2639e-02
   68.020   34.387    0.000    0.000    238.577  1.0305e-07  7.0573e-02
   68.220   33.598    0.000    0.000    237.690  1.0048e-07  6.8559e-02
   68.420   32.819    0.000    0.000    236.788  9.7973e-08  6.6594e-02
   68.620   32.051    0.000    0.000    235.870  9.5525e-08  6.4678e-02
   68.820   31.292    0.000    0.000    234.937  9.3135e-08  6.2811e-02
   69.020   30.543    0.000    0.000    233.989  9.0801e-08  6.0990e-02
   69.220   29.805    0.000    0.000    233.026  8.8522e-08  5.9214e-02
   69.420   29.077    0.000    0.000    232.049  8.6296e-08  5.7483e-02
   69.620   28.359    0.000    0.000    231.056  8.4123e-08  5.5796e-02
   69.820   27.652    0.000    0.000    230.049  8.2001e-08  5.4151e-02
   70.020   26.956    0.000    0.000    229.028  7.9929e-08  5.2549e-02
   70.220   26.271    0.000    0.000    227.992  7.7905e-08  5.0987e-02
   70.420   25.596    0.000    0.000    226.943  7.5929e-08  4.9464e-02
   70.620   24.933    0.000    0.000    225.879  7.3999e-08  4.7981e-02
   70.820   24.280    0.000    0.000    224.802  7.2114e-08  4.6536e-02
   71.020   23.639    0.000    0.000    223.711  7.0273e-08  4.5128e-02
   71.220   23.008    0.000    0.000    222.607  6.8475e-08  4.3757e-02
   71.420   22.389    0.000    0.000    221.490  6.6720e-08  4.2421e-02
   71.620   21.780    0.000    0.000    220.360  6.5005e-08  4.1120e-02
   71.820   21.183    0.000    0.000    219.217  6.3330e-08  3.9853e-02
   72.020   20.597    0.000    0.000    218.062  6.1695e-08  3.8619e-02
   72.220   20.022    0.000    0.000    216.895  6.0098e-08  3.7418e-02
   72.420   19.458    0.000    0.000    215.716  5.8538e-08  3.6248e-02
   72.620   18.905    0.000    0.000    214.525  5.7015e-08  3.5110e-02
   72.820   18.363    0.000    0.000    213.322  5.5527e-08  3.4002e-02
   73.020   17.833    0.000    0.000    212.109  5.4074e-08  3.2924e-02
   73.220   17.313    0.000    0.000    210.884  5.2655e-08  3.1875e-02
   73.420   16.803    0.000    0.000    209.649  5.1269e-08  3.0855e-02
   73.620   16.305    0.000    0.000    208.404  4.9916e-08  2.9862e-02
   73.820   15.817    0.000    0.000    207.149  4.8595e-08  2.8896e-02
   74.020   15.341    0.000    0.000    205.884  4.7304e-08  2.7957e-02
   74.220   14.874    0.000    0.000    204.610  4.6044e-08  2.7044e-02
   74.420   14.418    0.000    0.000    203.327  4.4814e-08  2.6156e-02
   74.620   13.973    0.000    0.000    202.035  4.3613e-08  2.5294e-02
   74.820   13.538    0.000    0.000    200.734  4.2440e-08  2.4455e-02
   75.020   13.113    0.000    0.000    199.426  4.1295e-08  2.3640e-02
   75.220   12.698    0.000    0.000    198.110  4.0176e-08  2.2848e-02
   75.420   12.293    0.000    0.000    196.786  3.9085e-08  2.2079e-02
   75.620   11.898    0.000    0.000    195.456  3.8019e-08  2.1331e-02
   75.820   11.512    0.000    0.000    194.119  3.6979e-08  2.0606e-02
   76.020   11.137    0.000    0.000    192.776  3.5963e-08  1.9901e-02
   76.220   10.770    0.000    0.000    191.428  3.4972e-08  1.9217e-02
   76.420   10.414    0.000    0.000    190.074  3.4005e-08  1.8554e-02
   76.620   10.066    0.000    0.000    188.714  3.3060e-08  1.7909e-02
   76.820    9.728    0.000    0.000    187.351  3.2139e-08  1.7284e-02
   77.020    9.398    0.000    0.000    185.983  3.1240e-08  1.6678e-02
   77.220    9.078    0.000    0.000    184.611  3.0362e-08  1.6090e-02
   77.420    8.766    0.000    0.000    183.236  2.9506e-08  1.5520e-02
   77.620    8.462    0.000    0.000    181.859  2.8671e-08  1.4967e-02
   77.820    8.167    0.000    0.000    180.479  2.7856e-08  1.4431e-02
   78.020    7.880    0.000    0.000    179.097  2.7061e-08  1.3912e-02
   78.220    7.602    0.000    0.000    177.713  2.6285e-08  1.3409e-02
   78.420    7.331    0.000    0.000    176.328  2.5529e-08  1.2922e-02
   78.620    7.068    0.000    0.000    174.943  2.4791e-08  1.2450e-02
   78.820    6.813    0.000    0.000    173.558  2.4072e-08  1.1993e-02
   79.020    6.566    0.000    0.000    172.173  2.3371e-08  1.1551e-02
   79.220    6.325    0.000    0.000    170.789  2.2687e-08  1.1123e-02
   79.420    6.092    0.000    0.000    169.406  2.2020e-08  1.0708e-02
   79.620    5.867    0.000    0.000    168.025  2.1371e-08  1.0308e-02
   79.820    5.648    0.000    0.000    166.646  2.0737e-08  9.9201e-03
   80.020    5.435    0.000    0.000    165.270  2.0120e-08  9.5453e-03
   80.220    5.230    0.000    0.000    163.897  1.9519e-08  9.1831e-03
   80.420    5.031    0.000    0.000    162.529  1.8932e-08  8.8330e-03
   80.620    4.838    0.000    0.000    161.164  1.8362e-08  8.4947e-03
   80.820    4.651    0.000    0.000    159.804  1.7805e-08  8.1679e-03
   81.020    4.471    0.000    0.000    158.450  1.7264e-08  7.8523e-03
   81.220    4.296    0.000    0.000    157.101  1.6736e-08  7.5476e-03
   81.420    4.128    0.000    0.000    155.759  1.6223e-08  7.2534e-03
   81.620    3.964    0.000    0.000    154.424  1.5722e-08  6.9695e-03
   81.820    3.807    0.000    0.000    153.096  1.5236e-08  6.6956e-03
   82.020    3.654    0.000    0.000    151.776  1.4762e-08  6.4315e-03
   82.220    3.507    0.000    0.000    150.464  1.4301e-08  6.1767e-03
   82.420    3.365    0.000    0.000    149.161  1.3852e-08  5.9311e-03
   82.620    3.228    0.000    0.000    147.868  1.3415e-08  5.6943e-03
   82.820    3.095    0.000    0.000    146.585  1.2991e-08  5.4662e-03
   83.020    2.968    0.000    0.000    145.312  1.2577e-08  5.2464e-03
   83.220    2.844    0.000    0.000    144.051  1.2176e-08  5.0348e-03
   83.420    2.726    0.000    0.000    142.801  1.1785e-08  4.8310e-03
   83.620    2.611    0.000    0.000    141.563  1.1405e-08  4.6348e-03
   83.820    2.501    0.000    0.000    140.337  1.1036e-08  4.4460e-03
   84.020    2.395    0.000    0.000    139.125  1.0678e-08  4.2643e-03
   84.220    2.292    0.000    0.000    137.926  1.0329e-08  4.0895e-03
   84.420    2.194    0.000    0.000    136.742  9.9904e-09  3.9215e-03
   84.620    2.099    0.000    0.000    135.572  9.6614e-09  3.7599e-03
   84.820    2.008    0.000    0.000    134.417  9.3419e-09  3.6046e-03
   85.020    1.920    0.000    0.000    133.278  9.0317e-09  3.4554e-03
   85.220    1.836    0.000    0.000    132.155  8.7305e-09  3.3120e-03
   85.420    1.754    0.000    0.000    131.049  8.4382e-09  3.1743e-03
   85.620    1.676    0.000    0.000    129.959  8.1544e-09  3.0421e-03
   85.820    1.601    0.000    0.000    128.888  7.8791e-09  2.9151e-03
   86.020    1.530    0.000    0.000    127.834  7.6119e-09  2.7933e-03
   86.220    1.460    0.000    0.000    126.800  7.3528e-09  2.6763e-03
   86.420    1.394    0.000    0.000    125.784  7.1015e-09  2.5642e-03
   86.620    1.330    0.000    0.000    124.788  6.8578e-09  2.4566e-03
   86.820    1.269    0.000    0.000    123.811  6.6216e-09  2.3534e-03
   87.020    1.211    0.000    0.000    122.855  6.3926e-09  2.2545e-03
   87.220    1.155    0.000    0.000    121.920  6.1707e-09  2.1596e-03
   87.420    1.101    0.000    0.000    121.007  5.9557e-09  2.0688e-03
   87.620    1.049    0.000    0.000    120.115  5.7474e-09  1.9817e-03
   87.820    1.000    0.000    0.000    119.245  5.5456e-09  1.8983e-03
   88.020    0.952    0.000    0.000    118.398  5.3503e-09  1.8184e-03
   88.220    0.907    0.000    0.000    117.573  5.1611e-09  1.7419e-03
   88.420    0.864    0.000    0.000    116.773  4.9780e-09  1.6686e-03
   88.620    0.822    0.000    0.000    115.996  4.8007e-09  1.5985e-03
   88.820    0.782    0.000    0.000    115.243  4.6292e-09  1.5314e-03
   89.020    0.744    0.000    0.000    114.514  4.4633e-09  1.4672e-03
   89.220    0.708    0.000    0.000    113.811  4.3028e-09  1.4057e-03
   89.420    0.673    0.000    0.000    113.133  4.1476e-09  1.3470e-03
   89.620    0.640    0.000    0.000    112.480  3.9975e-09  1.2907e-03
   89.820    0.608    0.000    0.000    111.853  3.8524e-09  1.2369e-03
   90.020    0.578    0.000    0.000    111.253  3.7122e-09  1.1855e-03
   90.220    0.549    0.000    0.000    110.679  3.5766e-09  1.1363e-03
   90.420    0.521    0.000    0.000    110.132  3.4457e-09  1.0893e-03
   90.620    0.495    0.000    0.000    109.612  3.3191e-09  1.0444e-03
   90.820    0.470    0.000    0.000    109.120  3.1969e-09  1.0014e-03
   91.020    0.446    0.000    0.000    108.656  3.0789e-09  9.6034e-04
   91.220    0.423    0.000    0.000    108.219  2.9650e-09  9.2108e-04
   91.420    0.401    0.000    0.000    107.811  2.8550e-09  8.8357e-04
   91.620    0.380    0.000    0.000    107.431  2.7488e-09  8.4771e-04
   91.820    0.361    0.000    0.000    107.080  2.6464e-09  8.1345e-04
   92.020    0.342    0.000    0.000    106.758  2.5475e-09  7.8071e-04
   92.220    0.324    0.000    0.000    106.465  2.4522e-09  7.4942e-04
   92.420    0.307    0.000    0.000    106.201  2.3602e-09  7.1953e-04
   92.620    0.291    0.000    0.000    105.967  2.2715e-09  6.9096e-04
   92.820    0.275    0.000    0.000    105.763  2.1860e-09  6.6366e-04
   93.020    0.260    0.000    0.000    105.588  2.1035e-09  6.3757e-04
   93.220    0.246    0.000    0.000    105.444  2.0240e-09  6.1264e-04
   93.420    0.233    0.000    0.000    105.329  1.9474e-09  5.8881e-04
   93.620    0.220    0.000    0.000    105.245  1.8736e-09  5.6604e-04
   93.820    0.208    0.000    0.000    105.192  1.8025e-09  5.4428e-04
   94.020    0.197    0.000    0.000    105.168  1.7340e-09  5.2348e-04
   94.220    0.186    0.000    0.000    105.176  1.6680e-09  5.0359e-04
   94.420    0.176    0.000    0.000    105.214  1.6044e-09  4.8458e-04
   94.620    0.166    0.000    0.000    105.282  1.5432e-09  4.6640e-04
   94.820    0.157    0.000    0.000    105.382  1.4843e-09  4.4902e-04
   95.020    0.148    0.000    0.000    105.512  1.4276e-09  4.3239e-04
   95.220    0.140    0.000    0.000    105.673  1.3730e-09  4.1649e-04
   95.420    0.132    0.000    0.000    105.865  1.3205e-09  4.0128e-04
   95.620    0.125    0.000    0.000    106.088  1.2699e-09  3.8673e-04
   95.820    0.117    0.000    0.000    106.342  1.2213e-09  3.7281e-04
   96.020    0.111    0.000    0.000    106.626  1.1745e-09  3.5948e-04
   96.220    0.104    0.000    0.000    106.942  1.1294e-09  3.4672e-04
   96.420    0.098    0.000    0.000    107.288  1.0861e-09  3.3451e-04
   96.620    0.093    0.000    0.000    107.665  1.0445e-09  3.2281e-04
   96.820    0.087    0.000    0.000    108.073  1.0044e-09  3.1161e-04
   97.020    0.082    0.000    0.000    108.511  9.6592e-10  3.0088e-04
   97.220    0.077    0.000    0.000    108.980  9.2889e-10  2.9059e-04
   97.420    0.073    0.000    0.000    109.480  8.9329e-10  2.8074e-04
   97.620    0.069    0.000    0.000    110.009  8.5907e-10  2.7129e-04
   97.820    0.065    0.000    0.000    110.569  8.2617e-10  2.6223e-04
   98.020    0.061    0.000    0.000    111.160  7.9456e-10  2.5354e-04
   98.220    0.057    0.000    0.000    111.780  7.6417e-10  2.4520e-04
   98.420    0.054    0.000    0.000    112.430  7.3497e-10  2.3720e-04
   98.620    0.050    0.000    0.000    113.110  7.0690e-10  2.2952e-04
   98.820    0.047    0.000    0.000    113.819  6.7994e-10  2.2215e-04
   99.020    0.044    0.000    0.000    114.558  6.5403e-10  2.1508e-04
   99.220    0.042    0.000    0.000    115.326  6.2914e-10  2.0828e-04
   99.420    0.039    0.000    0.000    116.123  6.0522e-10  2.0174e-04
   99.620    0.037    0.000    0.000    116.949  5.8224e-10  1.9547e-04
   99.820    0.035    0.000    0.000    117.804  5.6017e-10  1.8943e-04
  100.020    0.032    0.000    0.000    118.687  5.3897e-10  1.8363e-04
  100.220    0.030    0.000    0.000    119.598  5.1860e-10  1.7805e-04
  100.420    0.028    0.000    0.000    120.538  4.9904e-10  1.7267e-04
  100.620    0.027    0.000    0.000    121.505  4.8025e-10  1.6751e-04
  100.820    0.025    0.000    0.000    122.500  4.6220e-10  1.6253e-04
  101.020    0.023    0.000    0.000    123.522  4.4486e-10  1.5774e-04
  101.220    0.022    0.000    0.000    124.571  4.2821e-10  1.5313e-04
  101.420    0.021    0.000    0.000    125.647  4.1222e-10  1.4868e-04
  101.620    0.019    0.000    0.000    126.750  3.9686e-10  1.4440e-04
  101.820    0.018    0.000    0.000    127.879  3.8211e-10  1.4027e-04
  102.020    0.017    0.000    0.000    129.034  3.6794e-10  1.3628e-04
  102.220    0.016    0.000    0.000    130.215  3.5433e-10  1.3244e-04
  102.420    0.015    0.000    0.000    131.421  3.4125e-10  1.2874e-04
  102.620    0.014    0.000    0.000    132.653  3.2870e-10  1.2517e-04
  102.820    0.013    0.000    0.000    133.909  3.1664e-10  1.2171e-04
  103.020    0.012    0.000    0.000    135.190  3.0505e-10  1.1838e-04
  103.220    0.011    0.000    0.000    136.496  2.9393e-10  1.1517e-04
  103.420    0.011    0.000    0.000    137.825  2.8324e-10  1.1206e-04
  103.620    0.010    0.000    0.000    139.178  2.7297e-10  1.0906e-04
  103.820    0.009    0.000    0.000    140.555  2.6311e-10  1.0616e-04
  104.020    0.009    0.000    0.000    141.954  2.5363e-10  1.0335e-04
  104.220    0.008    0.000    0.000    143.376  2.4453e-10  1.0064e-04
  104.420    0.007    0.000    0.000    144.821  2.3578e-10  9.8019e-05
  104.620    0.007    0.000    0.000    146.288  2.2738e-10  9.5483e-05
  104.820    0.006    0.000    0.000    147.777  2.1930e-10  9.3029e-05
  105.020    0.006    0.000    0.000    149.287  2.1154e-10  9.0655e-05
  105.220    0.006    0.000    0.000    150.818  2.0409e-10  8.8356e-05
  105.420    0.005    0.000    0.000    152.370  1.9692e-10  8.6131e-05
  105.620    0.005    0.000    0.000    153.943  1.9003e-10  8.3976e-05
  105.820    0.005    0.000    0.000    155.536  1.8341e-10  8.1889e-05
  106.020    0.004    0.000    0.000    157.148  1.7705e-10  7.9867e-05
  106.220    0.004    0.000    0.000    158.780  1.7093e-10  7.7908e-05
  106.420    0.004    0.000    0.000    160.431  1.6505e-10  7.6009e-05
  106.620    0.003    0.000    0.000    162.101  1.5939e-10  7.4169e-05
  106.820    0.003    0.000    0.000    163.789  1.5395e-10  7.2385e-05
  107.020    0.003    0.000    0.000    165.496  1.4873e-10  7.0655e-05
  107.220    0.003    0.000    0.000    167.220  1.4370e-10  6.8977e-05
  107.420    0.003    0.000    0.000    168.961  1.3886e-10  6.7349e-05
  107.620    0.002    0.000    0.000    170.720  1.3421e-10  6.5770e-05
  107.820    0.002    0.000    0.000    172.496  1.2973e-10  6.4238e-05
  108.020    0.002    0.000    0.000    174.287  1.2542e-10  6.2750e-05
  108.220    0.002    0.000    0.000    176.095  1.2128e-10  6.1307e-05
  108.420    0.002    0.000    0.000    177.919  1.1729e-10  5.9905e-05
  108.620    0.002    0.000    0.000    179.758  1.1346e-10  5.8544e-05
  108.820    0.002    0.000    0.000    181.612  1.0976e-10  5.7222e-05
  109.020    0.001    0.000    0.000    183.481  1.0621e-10  5.5938e-05
  109.220    0.001    0.000    0.000    185.364  1.0278e-10  5.4691e-05
  109.420    0.001    0.000    0.000    187.261  9.9487e-11  5.3479e-05
  109.620    0.001    0.000    0.000    189.172  9.6314e-11  5.2301e-05
  109.820    0.001    0.000    0.000    191.096  9.3257e-11  5.1157e-05
  110.020    0.001    0.000    0.000    193.033  9.0313e-11  5.0044e-05
  110.220    0.001    0.000    0.000    194.983  8.7477e-11  4.8962e-05
  110.420    0.001    0.000    0.000    196.946  8.4744e-11  4.7910e-05
  110.620    0.001    0.000    0.000    198.920  8.2111e-11  4.6887e-05
  110.820    0.001    0.000    0.000    200.906  7.9574e-11  4.5892e-05
  111.020    0.001    0.000    0.000    202.904  7.7129e-11  4.4924e-05
  111.220    0.001    0.000    0.000    204.913  7.4772e-11  4.3982e-05
  111.420    0.001    0.000    0.000    206.932  7.2499e-11  4.3066e-05
  111.620    0.001    0.000    0.000    208.963  7.0308e-11  4.2174e-05
  111.820    0.000    0.000    0.000    211.003  6.8195e-11  4.1306e-05
  112.020    0.000    0.000    0.000    213.053  6.6158e-11  4.0461e-05
  112.220    0.000    0.000    0.000    215.113  6.4192e-11  3.9638e-05
  112.420    0.000    0.000    0.000    217.182  6.2296e-11  3.8837e-05
  112.620    0.000    0.000    0.000    219.260  6.0466e-11  3.8057e-05
  112.820    0.000    0.000    0.000    221.346  5.8700e-11  3.7298e-05
  113.020    0.000    0.000    0.000    223.441  5.6996e-11  3.6558e-05
  113.220    0.000    0.000    0.000    225.544  5.5351e-11  3.5837e-05
  113.420    0.000    0.000    0.000    227.655  5.3763e-11  3.5135e-05
  113.620    0.000    0.000    0.000    229.773  5.2230e-11  3.4450e-05
  113.820    0.000    0.000    0.000    231.899  5.0749e-11  3.3783e-05
  114.020    0.000    0.000    0.000    234.032  4.9319e-11  3.3133e-05
  114.220    0.000    0.000    0.000    236.171  4.7938e-11  3.2499e-05
  114.420    0.000    0.000    0.000    238.316  4.6603e-11  3.1881e-05
  114.620    0.000    0.000    0.000    240.468  4.5313e-11  3.1279e-05
  114.820    0.000    0.000    0.000    242.626  4.4067e-11  3.0692e-05
  115.020    0.000    0.000    0.000    244.789  4.2862e-11  3.0119e-05
  115.220    0.000    0.000    0.000    246.958  4.1697e-11  2.9560e-05
  115.420    0.000    0.000    0.000    249.132  4.0571e-11  2.9015e-05
  115.620    0.000    0.000    0.000    251.310  3.9482e-11  2.8483e-05
  115.820    0.000    0.000    0.000    253.493  3.8429e-11  2.7964e-05
  116.020    0.000    0.000    0.000    255.681  3.7410e-11  2.7457e-05
  116.220    0.000    0.000    0.000    257.872  3.6425e-11  2.6963e-05
  116.420    0.000    0.000    0.000    260.068  3.5471e-11  2.6481e-05
  116.620    0.000    0.000    0.000    262.267  3.4548e-11  2.6010e-05
  116.820    0.000    0.000    0.000    264.469  3.3655e-11  2.5550e-05
  117.020    0.000    0.000    0.000    266.675  3.2790e-11  2.5101e-05
  117.220    0.000    0.000    0.000    268.884  3.1953e-11  2.4663e-05
  117.420    0.000    0.000    0.000    271.095  3.1142e-11  2.4235e-05
  117.620    0.000    0.000    0.000    273.309  3.0357e-11  2.3817e-05
  117.820    0.000    0.000    0.000    275.525  2.9596e-11  2.3408e-05
  118.020    0.000    0.000    0.000    277.743  2.8859e-11  2.3009e-05
  118.220    0.000    0.000    0.000    279.963  2.8145e-11  2.2619e-05
  118.420    0.000    0.000    0.000    282.185  2.7453e-11  2.2238e-05
  118.620    0.000    0.000    0.000    284.408  2.6782e-11  2.1866e-05
  118.820    0.000    0.000    0.000    286.633  2.6132e-11  2.1502e-05
  119.020    0.000    0.000    0.000    288.858  2.5502e-11  2.1146e-05
  119.220    0.000    0.000    0.000    291.085  2.4890e-11  2.0798e-05
  119.420    0.000    0.000    0.000    293.312  2.4298e-11  2.0458e-05
  119.620    0.000    0.000    0.000    295.539  2.3722e-11  2.0125e-05
  119.820    0.000    0.000    0.000    297.767  2.3164e-11  1.9800e-05
  120.020    0.000    0.000    0.000    299.995  2.2623e-11  1.9482e-05
  120.220    0.000    0.000    0.000    302.223  2.2098e-11  1.9171e-05
  120.420    0.000    0.000    0.000    304.451  2.1588e-11  1.8867e-05
  120.620    0.000    0.000    0.000    306.679  2.1093e-11  1.8569e-05
  120.820    0.000    0.000    0.000    308.906  2.0612e-11  1.8277e-05
  121.020    0.000    0.000    0.000    311.132  2.0145e-11  1.7992e-05
  121.220    0.000    0.000    0.000    313.357  1.9692e-11  1.7713e-05
  121.420    0.000    0.000    0.000    315.581  1.9251e-11  1.7440e-05
  121.620    0.000    0.000    0.000    317.805  1.8824e-11  1.7173e-05
  121.820    0.000    0.000    0.000    320.026  1.8408e-11  1.6911e-05
  122.020    0.000    0.000    0.000    322.247  1.8004e-11  1.6654e-05
  122.220    0.000    0.000    0.000    324.466  1.7612e-11  1.6403e-05
  122.420    0.000    0.000    0.000    326.683  1.7230e-11  1.6158e-05
  122.620    0.000    0.000    0.000    328.898  1.6859e-11  1.5917e-05
  122.820    0.000    0.000    0.000    331.111  1.6498e-11  1.5681e-05
  123.020    0.000    0.000    0.000    333.322  1.6147e-11  1.5450e-05
  123.220    0.000    0.000    0.000    335.530  1.5806e-11  1.5224e-05
  123.420    0.000    0.000    0.000    337.736  1.5474e-11  1.5002e-05
  123.620    0.000    0.000    0.000    339.940  1.5151e-11  1.4785e-05
  123.820    0.000    0.000    0.000    342.141  1.4837e-11  1.4572e-05
  124.020    0.000    0.000    0.000    344.339  1.4531e-11  1.4363e-05
  124.220    0.000    0.000    0.000    346.534  1.4233e-11  1.4158e-05
  124.420    0.000    0.000    0.000    348.727  1.3943e-11  1.3958e-05
  124.620    0.000    0.000    0.000    350.916  1.3661e-11  1.3761e-05
  124.820    0.000    0.000    0.000    353.102  1.3386e-11  1.3568e-05
  125.020    0.000    0.000    0.000    355.284  1.3118e-11  1.3379e-05
  125.220    0.000    0.000    0.000    357.463  1.2858e-11  1.3194e-05
  125.420    0.000    0.000    0.000    359.639  1.2604e-11  1.3012e-05
  125.620    0.000    0.000    0.000    361.811  1.2356e-11  1.2833e-05
  125.820    0.000    0.000    0.000    363.979  1.2115e-11  1.2658e-05
  126.020    0.000    0.000    0.000    366.143  1.1880e-11  1.2486e-05
  126.220    0.000    0.000    0.000    368.304  1.1651e-11  1.2318e-05
  126.420    0.000    0.000    0.000    370.460  1.1427e-11  1.2152e-05
  126.620    0.000    0.000    0.000    372.613  1.1210e-11  1.1990e-05
  126.820    0.000    0.000    0.000    374.761  1.0997e-11  1.1831e-05
  127.020    0.000    0.000    0.000    376.904  1.0790e-11  1.1674e-05
  127.220    0.000    0.000    0.000    379.044  1.0588e-11  1.1521e-05
  127.420    0.000    0.000    0.000    381.179  1.0391e-11  1.1370e-05
  127.620    0.000    0.000    0.000    383.309  1.0199e-11  1.1222e-05
  127.820    0.000    0.000    0.000    385.435  1.0011e-11  1.1077e-05
  128.020    0.000    0.000    0.000    387.557  9.8283e-12  1.0934e-05
  128.220    0.000    0.000    0.000    389.673  9.6496e-12  1.0794e-05
  128.420    0.000    0.000    0.000    391.785  9.4751e-12  1.0656e-05
  128.620    0.000    0.000    0.000    393.892  9.3048e-12  1.0521e-05
  128.820    0.000    0.000    0.000    395.994  9.1385e-12  1.0388e-05
  129.020    0.000    0.000    0.000    398.091  8.9762e-12  1.0258e-05
  129.220    0.000    0.000    0.000    400.183  8.8176e-12  1.0129e-05
  129.420    0.000    0.000    0.000    402.270  8.6626e-12  1.0003e-05
  129.620    0.000    0.000    0.000    404.351  8.5113e-12  9.8793e-06
  129.820    0.000    0.000    0.000    406.428  8.3635e-12  9.7575e-06
  130.020    0.000    0.000    0.000    408.499  8.2190e-12  9.6378e-06
  130.220    0.000    0.000    0.000    410.565  8.0778e-12  9.5201e-06
  130.420    0.000    0.000    0.000    412.625  7.9398e-12  9.4045e-06
  130.620    0.000    0.000    0.000    414.680  7.8049e-12  9.2907e-06
  130.820    0.000    0.000    0.000    416.730  7.6730e-12  9.1789e-06
  131.020    0.000    0.000    0.000    418.774  7.5441e-12  9.0689e-06
  131.220    0.000    0.000    0.000    420.813  7.4180e-12  8.9607e-06
  131.420    0.000    0.000    0.000    422.846  7.2947e-12  8.8544e-06
  131.620    0.000    0.000    0.000    424.873  7.1741e-12  8.7497e-06
  131.820    0.000    0.000    0.000    426.895  7.0561e-12  8.6468e-06
  132.020    0.000    0.000    0.000    428.911  6.9407e-12  8.5455e-06
  132.220    0.000    0.000    0.000    430.921  6.8277e-12  8.4459e-06
  132.420    0.000    0.000    0.000    432.925  6.7173e-12  8.3478e-06
  132.620    0.000    0.000    0.000    434.924  6.6091e-12  8.2514e-06
  132.820    0.000    0.000    0.000    436.916  6.5033e-12  8.1564e-06
  133.020    0.000    0.000    0.000    438.903  6.3997e-12  8.0630e-06
  133.220    0.000    0.000    0.000    440.884  6.2982e-12  7.9710e-06
  133.420    0.000    0.000    0.000    442.859  6.1989e-12  7.8805e-06
  133.620    0.000    0.000    0.000    444.828  6.1017e-12  7.7914e-06
  133.820    0.000    0.000    0.000    446.791  6.0065e-12  7.7036e-06
  134.020    0.000    0.000    0.000    448.748  5.9132e-12  7.6172e-06
  134.220    0.000    0.000    0.000    450.699  5.8219e-12  7.5322e-06
  134.420    0.000    0.000    0.000    452.644  5.7324e-12  7.4484e-06
  134.620    0.000    0.000    0.000    454.583  5.6448e-12  7.3659e-06
  134.820    0.000    0.000    0.000    456.515  5.5589e-12  7.2847e-06
  135.020    0.000    0.000    0.000    458.442  5.4747e-12  7.2047e-06
  135.220    0.000    0.000    0.000    460.363  5.3922e-12  7.1259e-06
  135.420    0.000    0.000    0.000    462.277  5.3114e-12  7.0482e-06
  135.620    0.000    0.000    0.000    464.185  5.2322e-12  6.9717e-06
  135.820    0.000    0.000    0.000    466.087  5.1545e-12  6.8964e-06
  136.020    0.000    0.000    0.000    467.982  5.0783e-12  6.8221e-06
  136.220    0.000    0.000    0.000    469.872  5.0037e-12  6.7490e-06
  136.420    0.000    0.000    0.000    471.755  4.9304e-12  6.6769e-06
  136.620    0.000    0.000    0.000    473.632  4.8586e-12  6.6058e-06
  136.820    0.000    0.000    0.000    475.503  4.7882e-12  6.5358e-06
  137.020    0.000    0.000    0.000    477.368  4.7191e-12  6.4668e-06
  137.220    0.000    0.000    0.000    479.226  4.6514e-12  6.3987e-06
  137.420    0.000    0.000    0.000    481.078  4.5849e-12  6.3316e-06
  137.620    0.000    0.000    0.000    482.923  4.5197e-12  6.2655e-06
  137.820    0.000    0.000    0.000    484.763  4.4557e-12  6.2003e-06
  138.020    0.000    0.000    0.000    486.596  4.3929e-12  6.1361e-06
  138.220    0.000    0.000    0.000    488.423  4.3313e-12  6.0727e-06
  138.420    0.000    0.000    0.000    490.243  4.2708e-12  6.0102e-06
  138.620    0.000    0.000    0.000    492.057  4.2114e-12  5.9486e-06
  138.820    0.000    0.000    0.000    493.865  4.1531e-12  5.8878e-06
  139.020    0.000    0.000    0.000    495.667  4.0959e-12  5.8278e-06
  139.220    0.000    0.000    0.000    497.462  4.0397e-12  5.7687e-06
  139.420    0.000    0.000    0.000    499.251  3.9845e-12  5.7104e-06
  139.620    0.000    0.000    0.000    501.034  3.9303e-12  5.6529e-06
  139.820    0.000    0.000    0.000    502.810  3.8771e-12  5.5961e-06
  140.020    0.000    0.000    0.000    504.580  3.8249e-12  5.5401e-06
  140.220    0.000    0.000    0.000    506.344  3.7735e-12  5.4848e-06
  140.420    0.000    0.000    0.000    508.101  3.7231e-12  5.4303e-06
  140.620    0.000    0.000    0.000    509.852  3.6736e-12  5.3765e-06
  140.820    0.000    0.000    0.000    511.597  3.6249e-12  5.3235e-06
  141.020    0.000    0.000    0.000    513.335  3.5771e-12  5.2711e-06
  141.220    0.000    0.000    0.000    515.068  3.5301e-12  5.2194e-06
  141.420    0.000    0.000    0.000    516.794  3.4839e-12  5.1683e-06
  141.620    0.000    0.000    0.000    518.513  3.4385e-12  5.1180e-06
  141.820    0.000    0.000    0.000    520.227  3.3939e-12  5.0683e-06
  142.020    0.000    0.000    0.000    521.934  3.3500e-12  5.0192e-06
  142.220    0.000    0.000    0.000    523.635  3.3069e-12  4.9707e-06
  142.420    0.000    0.000    0.000    525.329  3.2645e-12  4.9229e-06
  142.620    0.000    0.000    0.000    527.018  3.2229e-12  4.8757e-06
  142.820    0.000    0.000    0.000    528.700  3.1819e-12  4.8291e-06
  143.020    0.000    0.000    0.000    530.376  3.1416e-12  4.7830e-06
  143.220    0.000    0.000    0.000    532.045  3.1020e-12  4.7376e-06
  143.420    0.000    0.000    0.000    533.709  3.0630e-12  4.6927e-06
  143.620    0.000    0.000    0.000    535.366  3.0247e-12  4.6484e-06
  143.820    0.000    0.000    0.000    537.017  2.9870e-12  4.6046e-06
  144.020    0.000    0.000    0.000    538.662  2.9499e-12  4.5613e-06
  144.220    0.000    0.000    0.000    540.301  2.9134e-12  4.5186e-06
  144.420    0.000    0.000    0.000    541.934  2.8775e-12  4.4764e-06
  144.620    0.000    0.000    0.000    543.560  2.8422e-12  4.4348e-06
  144.820    0.000    0.000    0.000    545.181  2.8074e-12  4.3936e-06
  145.020    0.000    0.000    0.000    546.795  2.7732e-12  4.3529e-06
  145.220    0.000    0.000    0.000    548.403  2.7396e-12  4.3128e-06
  145.420    0.000    0.000    0.000    550.005  2.7065e-12  4.2731e-06
  145.620    0.000    0.000    0.000    551.602  2.6739e-12  4.2339e-06
  145.820    0.000    0.000    0.000    553.191  2.6418e-12  4.1951e-06
  146.020    0.000    0.000    0.000    554.775  2.6102e-12  4.1568e-06
  146.220    0.000    0.000    0.000    556.353  2.5791e-12  4.1190e-06
  146.420    0.000    0.000    0.000    557.925  2.5485e-12  4.0816e-06
  146.620    0.000    0.000    0.000    559.491  2.5184e-12  4.0446e-06
  146.820    0.000    0.000    0.000    561.051  2.4887e-12  4.0081e-06
  147.020    0.000    0.000    0.000    562.605  2.4595e-12  3.9720e-06
  147.220    0.000    0.000    0.000    564.153  2.4307e-12  3.9364e-06
  147.420    0.000    0.000    0.000    565.695  2.4024e-12  3.9011e-06
  147.620    0.000    0.000    0.000    567.231  2.3744e-12  3.8663e-06
  147.820    0.000    0.000    0.000    568.762  2.3470e-12  3.8318e-06
  148.020    0.000    0.000    0.000    570.286  2.3199e-12  3.7978e-06
  148.220    0.000    0.000    0.000    571.804  2.2932e-12  3.7641e-06
  148.420    0.000    0.000    0.000    573.317  2.2669e-12  3.7308e-06
  148.620    0.000    0.000    0.000    574.824  2.2411e-12  3.6979e-06
  148.820    0.000    0.000    0.000    576.325  2.2156e-12  3.6654e-06
  149.020    0.000    0.000    0.000    577.820  2.1904e-12  3.6332e-06
  149.220    0.000    0.000    0.000    579.309  2.1657e-12  3.6014e-06
  149.420    0.000    0.000    0.000    580.793  2.1413e-12  3.5700e-06
  149.620    0.000    0.000    0.000    582.271  2.1172e-12  3.5389e-06
  149.820    0.000    0.000    0.000    583.743  2.0936e-12  3.5081e-06
  150.020    0.000    0.000    0.000    585.209  2.0702e-12  3.4777e-06
  150.220    0.000    0.000    0.000    586.670  2.0472e-12  3.4477e-06
  150.420    0.000    0.000    0.000    588.125  2.0245e-12  3.4179e-06
  150.620    0.000    0.000    0.000    589.575  2.0022e-12  3.3885e-06
  150.820    0.000    0.000    0.000    591.018  1.9801e-12  3.3594e-06
  151.020    0.000    0.000    0.000    592.456  1.9584e-12  3.3306e-06
  151.220    0.000    0.000    0.000    593.889  1.9370e-12  3.3022e-06
  151.420    0.000    0.000    0.000    595.316  1.9159e-12  3.2740e-06
  151.620    0.000    0.000    0.000    596.737  1.8950e-12  3.2462e-06
  151.820    0.000    0.000    0.000    598.153  1.8745e-12  3.2186e-06
  152.020    0.000    0.000    0.000    599.563  1.8543e-12  3.1914e-06
  152.220    0.000    0.000    0.000    600.968  1.8343e-12  3.1644e-06
  152.420    0.000    0.000    0.000    602.368  1.8146e-12  3.1377e-06
  152.620    0.000    0.000    0.000    603.761  1.7952e-12  3.1113e-06
  152.820    0.000    0.000    0.000    605.150  1.7760e-12  3.0852e-06
  153.020    0.000    0.000    0.000    606.533  1.7572e-12  3.0594e-06
  153.220    0.000    0.000    0.000    607.910  1.7385e-12  3.0338e-06
  153.420    0.000    0.000    0.000    609.283  1.7202e-12  3.0085e-06
  153.620    0.000    0.000    0.000    610.649  1.7020e-12  2.9835e-06
  153.820    0.000    0.000    0.000    612.011  1.6841e-12  2.9588e-06
  154.020    0.000    0.000    0.000    613.367  1.6665e-12  2.9342e-06
  154.220    0.000    0.000    0.000    614.718  1.6491e-12  2.9100e-06
  154.420    0.000    0.000    0.000    616.063  1.6319e-12  2.8860e-06
  154.620    0.000    0.000    0.000    617.403  1.6150e-12  2.8622e-06
  154.820    0.000    0.000    0.000    618.738  1.5983e-12  2.8387e-06
  155.020    0.000    0.000    0.000    620.068  1.5818e-12  2.8155e-06
  155.220    0.000    0.000    0.000    621.393  1.5655e-12  2.7924e-06
  155.420    0.000    0.000    0.000    622.712  1.5494e-12  2.7697e-06
  155.620    0.000    0.000    0.000    624.026  1.5336e-12  2.7471e-06
  155.820    0.000    0.000    0.000    625.335  1.5179e-12  2.7248e-06
  156.020    0.000    0.000    0.000    626.639  1.5025e-12  2.7027e-06
  156.220    0.000    0.000    0.000    627.938  1.4872e-12  2.6808e-06
  156.420    0.000    0.000    0.000    629.232  1.4722e-12  2.6591e-06
  156.620    0.000    0.000    0.000    630.520  1.4573e-12  2.6377e-06
  156.820    0.000    0.000    0.000    631.804  1.4427e-12  2.6165e-06
  157.020    0.000    0.000    0.000    633.082  1.4282e-12  2.5954e-06
  157.220    0.000    0.000    0.000    634.356  1.4139e-12  2.5746e-06
  157.420    0.000    0.000    0.000    635.625  1.3998e-12  2.5540e-06
  157.620    0.000    0.000    0.000    636.888  1.3858e-12  2.5337e-06
  157.820    0.000    0.000    0.000    638.147  1.3721e-12  2.5135e-06
  158.020    0.000    0.000    0.000    639.400  1.3585e-12  2.4935e-06
  158.220    0.000    0.000    0.000    640.649  1.3451e-12  2.4737e-06
  158.420    0.000    0.000    0.000    641.893  1.3319e-12  2.4541e-06
  158.620    0.000    0.000    0.000    643.132  1.3188e-12  2.4347e-06
  158.820    0.000    0.000    0.000    644.366  1.3059e-12  2.4155e-06
  159.020    0.000    0.000    0.000    645.596  1.2931e-12  2.3964e-06
  159.220    0.000    0.000    0.000    646.820  1.2805e-12  2.3776e-06
  159.420    0.000    0.000    0.000    648.040  1.2681e-12  2.3589e-06
  159.620    0.000    0.000    0.000    649.255  1.2558e-12  2.3405e-06
  159.820    0.000    0.000    0.000    650.465  1.2437e-12  2.3222e-06
  160.020    0.000    0.000    0.000    651.670  1.2317e-12  2.3040e-06
  160.220    0.000    0.000    0.000    652.871  1.2198e-12  2.2861e-06
  160.420    0.000    0.000    0.000    654.067  1.2081e-12  2.2683e-06
  160.620    0.000    0.000    0.000    655.259  1.1966e-12  2.2507e-06
  160.820    0.000    0.000    0.000    656.445  1.1851e-12  2.2333e-06
  161.020    0.000    0.000    0.000    657.628  1.1739e-12  2.2160e-06
  161.220    0.000    0.000    0.000    658.805  1.1627e-12  2.1989e-06
  161.420    0.000    0.000    0.000    659.978  1.1517e-12  2.1819e-06
  161.620    0.000    0.000    0.000    661.146  1.1408e-12  2.1652e-06
  161.820    0.000    0.000    0.000    662.310  1.1301e-12  2.1485e-06
  162.020    0.000    0.000    0.000    663.469  1.1195e-12  2.1321e-06
  162.220    0.000    0.000    0.000    664.624  1.1090e-12  2.1158e-06
  162.420    0.000    0.000    0.000    665.774  1.0986e-12  2.0996e-06
  162.620    0.000    0.000    0.000    666.920  1.0883e-12  2.0836e-06
  162.820    0.000    0.000    0.000    668.061  1.0782e-12  2.0677e-06
  163.020    0.000    0.000    0.000    669.198  1.0682e-12  2.0520e-06
  163.220    0.000    0.000    0.000    670.331  1.0583e-12  2.0364e-06
  163.420    0.000    0.000    0.000    671.459  1.0485e-12  2.0210e-06
  163.620    0.000    0.000    0.000    672.583  1.0389e-12  2.0057e-06
  163.820    0.000    0.000    0.000    673.702  1.0293e-12  1.9906e-06
  164.020    0.000    0.000    0.000    674.817  1.0199e-12  1.9756e-06
  164.220    0.000    0.000    0.000    675.928  1.0105e-12  1.9608e-06
  164.420    0.000    0.000    0.000    677.034  1.0013e-12  1.9460e-06
  164.620    0.000    0.000    0.000    678.136  9.9220e-13  1.9315e-06
  164.820    0.000    0.000    0.000    679.234  9.8318e-13  1.9170e-06
  165.020    0.000    0.000    0.000    680.327  9.7427e-13  1.9027e-06
  165.220    0.000    0.000    0.000    681.417  9.6545e-13  1.8885e-06
  165.420    0.000    0.000    0.000    682.502  9.5674e-13  1.8744e-06
  165.620    0.000    0.000    0.000    683.583  9.4813e-13  1.8605e-06
  165.820    0.000    0.000    0.000    684.659  9.3961e-13  1.8467e-06
  166.020    0.000    0.000    0.000    685.732  9.3119e-13  1.8330e-06
  166.220    0.000    0.000    0.000    686.801  9.2287e-13  1.8194e-06
  166.420    0.000    0.000    0.000    687.865  9.1463e-13  1.8060e-06
  166.620    0.000    0.000    0.000    688.925  9.0649e-13  1.7927e-06
  166.820    0.000    0.000    0.000    689.981  8.9844e-13  1.7795e-06
  167.020    0.000    0.000    0.000    691.033  8.9048e-13  1.7664e-06
  167.220    0.000    0.000    0.000    692.081  8.8261e-13  1.7535e-06
  167.420    0.000    0.000    0.000    693.126  8.7483e-13  1.7406e-06
  167.620    0.000    0.000    0.000    694.166  8.6713e-13  1.7279e-06
  167.820    0.000    0.000    0.000    695.202  8.5951e-13  1.7153e-06
  168.020    0.000    0.000    0.000    696.234  8.5198e-13  1.7028e-06
  168.220    0.000    0.000    0.000    697.262  8.4453e-13  1.6904e-06
  168.420    0.000    0.000    0.000    698.286  8.3716e-13  1.6781e-06
  168.620    0.000    0.000    0.000    699.306  8.2988e-13  1.6659e-06
  168.820    0.000    0.000    0.000    700.323  8.2267e-13  1.6538e-06
  169.020    0.000    0.000    0.000    701.335  8.1554e-13  1.6419e-06
  169.220    0.000    0.000    0.000    702.344  8.0849e-13  1.6300e-06
  169.420    0.000    0.000    0.000    703.348  8.0151e-13  1.6183e-06
  169.620    0.000    0.000    0.000    704.349  7.9461e-13  1.6066e-06
  169.820    0.000    0.000    0.000    705.346  7.8778e-13  1.5951e-06
  170.020    0.000    0.000    0.000    706.340  7.8103e-13  1.5836e-06
  170.220    0.000    0.000    0.000    707.329  7.7435e-13  1.5723e-06
  170.420    0.000    0.000    0.000    708.315  7.6774e-13  1.5610e-06
  170.620    0.000    0.000    0.000    709.297  7.6120e-13  1.5499e-06
  170.820    0.000    0.000    0.000    710.275  7.5473e-13  1.5388e-06
  171.020    0.000    0.000    0.000    711.250  7.4832e-13  1.5279e-06
  171.220    0.000    0.000    0.000    712.221  7.4199e-13  1.5170e-06
  171.420    0.000    0.000    0.000    713.188  7.3572e-13  1.5062e-06
  171.620    0.000    0.000    0.000    714.152  7.2952e-13  1.4955e-06
  171.820    0.000    0.000    0.000    715.112  7.2338e-13  1.4850e-06
  172.020    0.000    0.000    0.000    716.068  7.1731e-13  1.4745e-06
  172.220    0.000    0.000    0.000    717.021  7.1130e-13  1.4640e-06
  172.420    0.000    0.000    0.000    717.970  7.0536e-13  1.4537e-06
  172.620    0.000    0.000    0.000    718.915  6.9947e-13  1.4435e-06
  172.820    0.000    0.000    0.000    719.857  6.9365e-13  1.4334e-06
  173.020    0.000    0.000    0.000    720.795  6.8788e-13  1.4233e-06
  173.220    0.000    0.000    0.000    721.730  6.8218e-13  1.4133e-06
  173.420    0.000    0.000    0.000    722.662  6.7654e-13  1.4034e-06
  173.620    0.000    0.000    0.000    723.589  6.7095e-13  1.3936e-06
  173.820    0.000    0.000    0.000    724.514  6.6542e-13  1.3839e-06
  174.020    0.000    0.000    0.000    725.435  6.5995e-13  1.3743e-06
  174.220    0.000    0.000    0.000    726.352  6.5453e-13  1.3647e-06
  174.420    0.000    0.000    0.000    727.266  6.4917e-13  1.3553e-06
  174.620    0.000    0.000    0.000    728.177  6.4386e-13  1.3459e-06
  174.820    0.000    0.000    0.000    729.084  6.3861e-13  1.3365e-06
  175.020    0.000    0.000    0.000    729.988  6.3341e-13  1.3273e-06
  175.220    0.000    0.000    0.000    730.888  6.2826e-13  1.3181e-06
  175.420    0.000    0.000    0.000    731.785  6.2316e-13  1.3090e-06
  175.620    0.000    0.000    0.000    732.679  6.1812e-13  1.3000e-06
  175.820    0.000    0.000    0.000    733.569  6.1312e-13  1.2911e-06
  176.020    0.000    0.000    0.000    734.456  6.0818e-13  1.2822e-06
  176.220    0.000    0.000    0.000    735.340  6.0329e-13  1.2734e-06
  176.420    0.000    0.000    0.000    736.221  5.9844e-13  1.2647e-06
  176.620    0.000    0.000    0.000    737.098  5.9364e-13  1.2561e-06
  176.820    0.000    0.000    0.000    737.972  5.8889e-13  1.2475e-06
  177.020    0.000    0.000    0.000    738.843  5.8419e-13  1.2390e-06
  177.220    0.000    0.000    0.000    739.710  5.7954e-13  1.2306e-06
  177.420    0.000    0.000    0.000    740.575  5.7493e-13  1.2222e-06
  177.620    0.000    0.000    0.000    741.436  5.7036e-13  1.2139e-06
  177.820    0.000    0.000    0.000    742.294  5.6584e-13  1.2057e-06
  178.020    0.000    0.000    0.000    743.148  5.6137e-13  1.1975e-06
  178.220    0.000    0.000    0.000    744.000  5.5694e-13  1.1895e-06
  178.420    0.000    0.000    0.000    744.849  5.5255e-13  1.1814e-06
  178.620    0.000    0.000    0.000    745.694  5.4820e-13  1.1735e-06
  178.820    0.000    0.000    0.000    746.536  5.4390e-13  1.1656e-06
  179.020    0.000    0.000    0.000    747.375  5.3964e-13  1.1577e-06
  179.220    0.000    0.000    0.000    748.212  5.3542e-13  1.1500e-06
  179.420    0.000    0.000    0.000    749.045  5.3124e-13  1.1423e-06
  179.620    0.000    0.000    0.000    749.875  5.2710e-13  1.1346e-06
  179.820    0.000    0.000    0.000    750.702  5.2300e-13  1.1270e-06
  180.020    0.000    0.000    0.000    751.526  5.1895e-13  1.1195e-06
  180.220    0.000    0.000    0.000    752.346  5.1493e-13  1.1121e-06
  180.420    0.000    0.000    0.000    753.164  5.1094e-13  1.1047e-06
  180.620    0.000    0.000    0.000    753.979  5.0700e-13  1.0973e-06
  180.820    0.000    0.000    0.000    754.791  5.0310e-13  1.0901e-06
  181.020    0.000    0.000    0.000    755.600  4.9923e-13  1.0828e-06
  181.220    0.000    0.000    0.000    756.406  4.9540e-13  1.0757e-06
  181.420    0.000    0.000    0.000    757.210  4.9160e-13  1.0686e-06
  181.620    0.000    0.000    0.000    758.010  4.8784e-13  1.0615e-06
  181.820    0.000    0.000    0.000    758.807  4.8412e-13  1.0545e-06
  182.020    0.000    0.000    0.000    759.602  4.8043e-13  1.0476e-06
  182.220    0.000    0.000    0.000    760.393  4.7677e-13  1.0407e-06
  182.420    0.000    0.000    0.000    761.182  4.7315e-13  1.0339e-06
  182.620    0.000    0.000    0.000    761.968  4.6957e-13  1.0271e-06
  182.820    0.000    0.000    0.000    762.751  4.6602e-13  1.0204e-06
  183.020    0.000    0.000    0.000    763.531  4.6250e-13  1.0137e-06
  183.220    0.000    0.000    0.000    764.309  4.5901e-13  1.0071e-06
  183.420    0.000    0.000    0.000    765.083  4.5556e-13  1.0005e-06
  183.620    0.000    0.000    0.000    765.855  4.5214e-13  9.9400e-07
  183.820    0.000    0.000    0.000    766.624  4.4875e-13  9.8754e-07
  184.020    0.000    0.000    0.000    767.390  4.4539e-13  9.8113e-07
  184.220    0.000    0.000    0.000    768.154  4.4206e-13  9.7477e-07
  184.420    0.000    0.000    0.000    768.915  4.3877e-13  9.6846e-07
  184.620    0.000    0.000    0.000    769.673  4.3550e-13  9.6220e-07
  184.820    0.000    0.000    0.000    770.428  4.3227e-13  9.5599e-07
  185.020    0.000    0.000    0.000    771.181  4.2906e-13  9.4983e-07
  185.220    0.000    0.000    0.000    771.931  4.2588e-13  9.4371e-07
  185.420    0.000    0.000    0.000    772.678  4.2274e-13  9.3764e-07
  185.620    0.000    0.000    0.000    773.423  4.1962e-13  9.3162e-07
  185.820    0.000    0.000    0.000    774.165  4.1653e-13  9.2565e-07
  186.020    0.000    0.000    0.000    774.904  4.1346e-13  9.1972e-07
  186.220    0.000    0.000    0.000    775.641  4.1043e-13  9.1384e-07
  186.420    0.000    0.000    0.000    776.375  4.0742e-13  9.0800e-07
  186.620    0.000    0.000    0.000    777.107  4.0444e-13  9.0221e-07
  186.820    0.000    0.000    0.000    777.836  4.0149e-13  8.9646e-07
  187.020    0.000    0.000    0.000    778.562  3.9856e-13  8.9076e-07
  187.220    0.000    0.000    0.000    779.286  3.9566e-13  8.8510e-07
  187.420    0.000    0.000    0.000    780.007  3.9279e-13  8.7949e-07
  187.620    0.000    0.000    0.000    780.726  3.8994e-13  8.7391e-07
  187.820    0.000    0.000    0.000    781.442  3.8712e-13  8.6838e-07
  188.020    0.000    0.000    0.000    782.156  3.8432e-13  8.6290e-07
  188.220    0.000    0.000    0.000    782.867  3.8155e-13  8.5745e-07
  188.420    0.000    0.000    0.000    783.576  3.7880e-13  8.5205e-07
  188.620    0.000    0.000    0.000    784.282  3.7608e-13  8.4669e-07
  188.820    0.000    0.000    0.000    784.985  3.7338e-13  8.4136e-07
  189.020    0.000    0.000    0.000    785.687  3.7071e-13  8.3608e-07
  189.220    0.000    0.000    0.000    786.385  3.6805e-13  8.3084e-07
  189.420    0.000    0.000    0.000    787.082  3.6543e-13  8.2564e-07
  189.620    0.000    0.000    0.000    787.776  3.6282e-13  8.2048e-07
  189.820    0.000    0.000    0.000    788.467  3.6024e-13  8.1535e-07
  190.020    0.000    0.000    0.000    789.156  3.5768e-13  8.1027e-07
  190.220    0.000    0.000    0.000    789.843  3.5514e-13  8.0522e-07
  190.420    0.000    0.000    0.000    790.527  3.5263e-13  8.0021e-07
  190.620    0.000    0.000    0.000    791.209  3.5014e-13  7.9524e-07
  190.820    0.000    0.000    0.000    791.889  3.4767e-13  7.9031e-07
  191.020    0.000    0.000    0.000    792.566  3.4522e-13  7.8541e-07
  191.220    0.000    0.000    0.000    793.241  3.4279e-13  7.8056e-07
  191.420    0.000    0.000    0.000    793.913  3.4038e-13  7.7573e-07
  191.620    0.000    0.000    0.000    794.583  3.3800e-13  7.7095e-07
  191.820    0.000    0.000    0.000    795.251  3.3563e-13  7.6619e-07
  192.020    0.000    0.000    0.000    795.917  3.3329e-13  7.6148e-07
  192.220    0.000    0.000    0.000    796.580  3.3096e-13  7.5680e-07
  192.420    0.000    0.000    0.000    797.241  3.2866e-13  7.5215e-07
  192.620    0.000    0.000    0.000    797.900  3.2638e-13  7.4754e-07
  192.820    0.000    0.000    0.000    798.556  3.2411e-13  7.4296e-07
  193.020    0.000    0.000    0.000    799.210  3.2186e-13  7.3842e-07
  193.220    0.000    0.000    0.000    799.862  3.1964e-13  7.3391e-07
  193.420    0.000    0.000    0.000    800.512  3.1743e-13  7.2944e-07
  193.620    0.000    0.000    0.000    801.159  3.1524e-13  7.2499e-07
  193.820    0.000    0.000    0.000    801.804  3.1307e-13  7.2058e-07
  194.020    0.000    0.000    0.000    802.448  3.1092e-13  7.1620e-07
  194.220    0.000    0.000    0.000    803.088  3.0879e-13  7.1186e-07
  194.420    0.000    0.000    0.000    803.727  3.0667e-13  7.0755e-07
  194.620    0.000    0.000    0.000    804.364  3.0458e-13  7.0326e-07
  194.820    0.000    0.000    0.000    804.998  3.0250e-13  6.9901e-07
  195.020    0.000    0.000    0.000    805.630  3.0044e-13  6.9479e-07
  195.220    0.000    0.000    0.000    806.260  2.9839e-13  6.9061e-07
  195.420    0.000    0.000    0.000    806.888  2.9636e-13  6.8645e-07
  195.620    0.000    0.000    0.000    807.514  2.9435e-13  6.8232e-07
  195.820    0.000    0.000    0.000    808.137  2.9236e-13  6.7822e-07
  196.020    0.000    0.000    0.000    808.759  2.9038e-13  6.7416e-07
  196.220    0.000    0.000    0.000    809.378  2.8842e-13  6.7012e-07
  196.420    0.000    0.000    0.000    809.996  2.8648e-13  6.6611e-07
  196.620    0.000    0.000    0.000    810.611  2.8455e-13  6.6213e-07
  196.820    0.000    0.000    0.000    811.224  2.8264e-13  6.5818e-07
  197.020    0.000    0.000    0.000    811.835  2.8075e-13  6.5426e-07
  197.220    0.000    0.000    0.000    812.444  2.7887e-13  6.5037e-07
  197.420    0.000    0.000    0.000    813.051  2.7700e-13  6.4650e-07
  197.620    0.000    0.000    0.000    813.656  2.7515e-13  6.4266e-07
  197.820    0.000    0.000    0.000    814.259  2.7332e-13  6.3885e-07
  198.020    0.000    0.000    0.000    814.860  2.7150e-13  6.3507e-07
  198.220    0.000    0.000    0.000    815.459  2.6970e-13  6.3132e-07
  198.420    0.000    0.000    0.000    816.056  2.6791e-13  6.2759e-07
  198.620    0.000    0.000    0.000    816.651  2.6613e-13  6.2389e-07
  198.820    0.000    0.000    0.000    817.244  2.6437e-13  6.2021e-07
  199.020    0.000    0.000    0.000    817.835  2.6263e-13  6.1656e-07
  199.220    0.000    0.000    0.000    818.424  2.6090e-13  6.1294e-07
  199.420    0.000    0.000    0.000    819.011  2.5918e-13  6.0934e-07
  199.620    0.000    0.000    0.000    819.596  2.5748e-13  6.0577e-07
  199.820    0.000    0.000    0.000    820.179  2.5579e-13  6.0223e-07
