-90.95801103
-93.32037886
-94.06915167
-94.00304406
-93.39241210
-92.35251213
-90.93350877
-89.16827968
-87.11267111
-84.87476111
-82.61947177
-80.54950710
-78.88215436
-77.83865054
-77.64384219
-78.49277289
-80.24840119
-81.39138775
-80.60444123
-80.08283783
-81.11293144
-82.46492694
-81.89717795
-81.58055421
-82.84244162
-83.36012704
-82.61018984
-83.30826252
-84.29599767
-83.60800808
-83.96476266
-85.03240945
-84.44043419
-84.69314629
-85.70544938
-85.12783621
-85.44292078
-86.32467095
-85.71851095
-86.20420366
-86.86196089
-86.26558103
-86.96794867
-87.29430281
-86.82352809
-87.69984415
-87.63181742
-87.43757021
-88.33425249
-87.92778731
-88.12390764
-88.80321203
-88.26156444
-88.84688411
-89.09477670
-88.70413515
-89.51010377
-89.28515455
-89.28263838
-89.99588043
-89.50126880
-89.95142086
-90.26056911
-89.85069059
-90.58432564
-90.39360185
-90.36972916
-91.03070777
-90.55629015
-90.99622013
-91.24134191
-90.87466975
-91.57545857
-91.33027753
-91.37623305
-91.94616843
-91.47868697
-91.97034016
-92.08724760
-91.80622398
-92.47768397
-92.14803772
-92.31167299
-92.75309799
-92.31227446
-92.86824186
-92.82899705
-92.67134136
-93.28544944
-92.88522391
-93.18226550
-93.46265397
-93.08759601
-93.68461894
-93.49377426
-93.48443099
-93.99978509
-93.57025920
-93.98765613
-94.09237630
-93.82234817
-94.41677139
-94.10635065
-94.24942804
-94.63062525
-94.22164808
-94.72460361
-94.66350211
-94.52313475
-95.06817208
-94.68567300
-94.96383684
-95.19457845
-94.84786930
-95.39171987
-95.19531958
-95.18856522
-95.64895369
-95.24236396
-95.62345401
-95.70976400
-95.44912196
-95.99233831
-95.70112844
-95.81350665
-96.17339891
-95.77938656
-96.22654862
-96.19169326
-96.02121804
-96.53514898
-96.18816435
-96.39380409
-96.65717410
-96.29564532
-96.77659779
-96.65245488
-96.56023819
-97.03316625
-96.66030543
-96.92943425
-97.11541220
-96.78962166
-97.28178424
-97.10112963
-97.06445163
-97.50012050
-97.11937515
-97.42280997
-97.55939020
-97.25899918
-97.74933519
-97.54165880
-97.53094581
-97.94356776
-97.56273643
-97.87249383
-97.99168112
-97.69758116
-98.17870305
-97.97090425
-97.95291136
-98.36170024
-97.98469590
-98.27306637
-98.40943577
-98.10122366
-98.56697441
-98.38882276
-98.33100347
-98.75602980
-98.39266278
-98.63147294
-98.82253852
-98.48709935
-98.92714708
-98.81702157
-98.69021687
-99.14497962
-98.81860429
-98.97339069
-99.25355610
-98.88951086
-99.27468638
-99.27725048
-99.05292714
-99.52313048
-99.27318321
-99.29180915
-99.67004441
-99.29564722
-99.55895181
-99.71079169
-99.37521022
-99.79498512
-99.68164086
-99.51647133
-99.95272894
-99.63822633
-99.70556206
-100.01959081
-99.63464045
-99.92021585
-100.02448640
-99.71188191
-100.13947735
-100.02394441
-99.89233628
-100.35099714
-100.07630205
-100.17498125
-100.55156852
-100.21631766
-100.52918591
-100.73629434
-100.43587566
-100.88876106
-100.87962107
-100.67491686
-101.15469177
-100.92633915
-100.83612876
-101.22455947
-100.81937751
-100.83921656
-101.05631021
-100.56305648
-100.69122463
-100.72271528
-100.26160485
-100.50508554
-100.39523639
-100.08720690
-100.45177325
-100.27806456
-100.22150778
-100.70770761
-100.55864387
-100.82207451
-101.42740960
-101.37698741
-101.98284663
-102.67672600
-102.70338311
-103.51185136
-104.07881657
-103.82759137
-104.25034026
-104.13983971
-103.16949521
-102.86734040
-102.17285217
-101.02517426
-100.60356346
-99.88232200
-99.05118888
-98.85289012
-98.32360885
-97.93474272
-98.04058789
-97.79400541
-97.91794567
-98.39306410
-98.55731133
-99.37333142
-100.41123300
-101.33379465
-103.49840930
-105.90505843
-109.41212327
-117.56463365
-113.80658233
-108.36723466
-103.68289827
-101.28709665
-99.16061383
-97.35596787
-96.30111402
-95.14745318
-94.30468235
-93.83678345
-93.24613889
-93.01402146
-92.96776634
-92.85526952
-93.15843017
-93.50269065
-93.89411779
-94.73131827
-95.40057485
-96.24684402
-97.18876912
-97.40307584
-97.55606652
-96.81982721
-95.78848674
-94.85911850
-93.65212439
-92.83952249
-92.12865140
-91.45275413
-91.17699991
-90.92445194
-90.83004444
-91.09039272
-91.33938292
-91.86759706
-92.73722514
-93.59725331
-94.94453529
-96.62433622
-98.29938302
-100.72884197
-102.45433939
-103.21268894
-102.88986834
-101.37088414
-100.78791014
-100.15036334
-99.95558505
-100.79967964
-101.69914443
-103.36099594
-106.35118964
-107.74608679
-105.05005528
-101.90858425
-99.42661664
-97.12209856
-95.63032556
-94.69657629
-93.83650489
-93.50894767
-93.57105127
-93.69156449
-94.36516794
-95.40624284
-96.52123085
-98.38854626
-100.28452796
-101.62270679
-102.49321686
-101.35536335
-100.53865040
-99.94334974
-99.46807254
-100.18161034
-101.46180073
-103.25046690
-106.56756212
-107.92954006
-103.97218849
-100.08178065
-97.73006261
-95.97325572
-94.61657068
-94.08089244
-93.93810133
-94.04721770
-94.92247316
-96.29333203
-98.05231026
-101.23940930
-105.71585584
-110.67170461
-110.54422675
-106.12526478
-105.19217531
-105.17442705
-106.77103588
-113.28981156
-112.88398831
-106.00653879
-100.86509673
-97.91608141
-96.28161572
-95.02904574
-94.53743382
-94.89604957
-95.60555754
-97.02933656
-99.75606206
-103.23832059
-105.25476787
-103.24751670
-100.92359081
-99.25153721
-98.26451878
-98.62975456
-99.77970912
-101.06807595
-103.16774471
-103.32199858
-101.68406864
-100.74868968
-99.90241152
-100.22076002
-102.45184011
-106.07989574
-107.98326930
-102.98051810
-99.15841338
-96.71084959
-95.10311759
-94.72608600
-95.42224104
-96.81262925
-99.67849805
-105.73221739
-111.98005410
-104.83046744
-100.77183968
-99.69764839
-100.23585015
-101.16060250
-102.83299637
-102.37950831
-100.23729016
-99.62863755
-99.97255871
-101.88381364
-107.68214154
-108.04855468
-101.27367243
-97.31850266
-95.50144607
-95.45048527
-96.50779462
-98.68066610
-102.73878068
-105.54361792
-102.80554237
-100.23945052
-99.42898353
-100.86117470
-103.92600271
-107.10416070
-109.47055989
-106.63542284
-104.82796301
-106.32385807
-109.84051788
-108.05981907
-102.17415862
-98.41082994
-96.81461187
-96.62612547
-97.60753024
-100.70272750
-104.83490925
-101.25827657
-97.83104155
-96.37073472
-97.27555131
-101.54170180
-107.39048934
-104.89243558
-102.26934748
-102.19692733
-103.85787610
-99.34226436
-96.31276274
-96.32411687
-99.16919160
-111.52919980
-101.06481151
-95.06189689
-93.94285037
-95.71719619
-101.74698193
-109.50852506
-98.30274335
-96.63998852
-98.84587760
-103.23857787
-106.13107302
-104.33694982
-107.93774313
-108.04724776
-99.52880023
-98.39722172
-101.54509897
-103.28674422
-98.56971180
-96.77231548
-99.00500599
-101.84088067
-98.63918143
-98.40381737
-102.61439115
-113.86864689
-102.76482289
-101.62383623
-102.25938956
-96.40901189
-96.08557656
-107.98618180
-97.84711965
-92.78616938
-93.68259708
-102.29909638
-98.63787757
-92.63033781
-94.12121463
-99.98007271
-95.24757211
-97.47904745
-96.45017092
-91.54186284
-95.24082281
-101.87607816
-91.70560011
-93.13846868
-102.62699601
-96.94916782
-96.72512740
-95.70884773
-96.76627831
-107.40711764
-95.40498579
-94.90290773
-106.63610580
-99.41680452
-96.45105717
-100.65024315
-109.14648226
-98.20600775
-97.26378393
-112.37550604
-97.71743545
-95.58142414
-109.63427748
-96.90821146
-95.14333332
-107.65723146
-96.36179986
-95.45595625
-103.57937636
-95.95343066
-96.18594065
-100.66374303
-95.85692319
-97.19264661
-99.17528646
-96.29941521
-98.48513159
-98.83532559
-97.43773679
-100.18617793
-99.53380774
-99.43061311
-102.54880285
-101.33972497
-102.51206115
-106.03385568
-104.43323959
-106.71046876
-111.03413485
-108.06164717
-108.86355957
-111.95717088
-107.46724024
-106.31108119
-107.55630640
-104.47439639
-104.07128945
-104.72084870
-102.65488013
-103.15904834
-103.41798131
-102.16485312
-103.41555703
-103.28977566
-102.88953878
-104.71046010
-104.14292246
-104.80946663
-106.63374798
-105.60868153
-107.40579896
-107.31188296
-106.36848993
-107.50159552
-105.27172651
-104.99352503
-104.46652061
-102.66731138
-102.72278678
-101.70606138
-100.71169459
-100.86404785
-99.91225404
-99.52612934
-99.72433991
-99.00212254
-99.09404518
-99.35968134
-98.93881167
-99.47682808
-99.87134835
-99.82810821
-100.88587257
-101.52242651
-101.98961900
-103.82046801
-104.92542615
-106.06939856
-109.10261191
-110.61687853
-110.02129103
-109.71959893
-108.37481859
-105.49811577
-104.23778571
-103.33809513
-101.73275710
-101.26457615
-100.85591183
-100.05393979
-100.21777215
-100.15987088
-99.98171907
-100.70074012
-100.90338905
-101.33525008
-102.50359798
-102.76338232
-103.74112757
-104.64840016
-104.46044411
-105.24659058
-104.69978591
-104.27756742
-104.45611019
-103.60857137
-103.78343723
-104.08628571
-103.89243074
-105.00630102
-105.97979709
-106.78120955
-109.43415274
-111.85161502
-112.86876234
-113.20959209
-111.82258094
-108.48144548
-106.30271827
-105.39454014
-103.90443313
-103.00242380
-102.92095832
-102.33534343
-102.13385206
-102.52680853
-102.31270330
-102.22038022
-102.52535258
-102.09211249
-101.56940568
-101.48550557
-100.91544916
-100.39465880
-100.48456640
-100.31778438
-100.36589850
-101.14127301
-101.72286670
-102.79802097
-104.94040990
-106.91762883
-110.60877826
-114.96819937
-112.99403160
-109.58778051
-105.89782523
-104.26548349
-102.78429113
-101.63915580
-101.41995658
-100.97591764
-100.90393148
-101.26783472
-101.08165108
-101.24453450
-101.06379873
-100.37553177
-100.05007115
-99.29132888
-98.75512547
-98.63472092
-98.36847280
-98.67219768
-99.38028953
-100.15839779
-101.93518967
-104.28607243
-107.13274782
-110.45550512
-107.59841568
-104.54774015
-101.62451682
-99.65501621
-98.57172445
-97.62807676
-97.29361760
-97.50959346
-97.85396501
-98.89724303
-100.67968847
-102.91674810
-107.04046915
-115.35178163
-115.12497631
-107.24279165
-103.61499543
-101.74545495
-100.31863950
-99.81237223
-100.06146744
-100.50554578
-101.89009308
-104.25770094
-107.14252917
-112.08464495
-110.97317266
-107.24734065
-104.18722964
-102.03542619
-101.12375558
-100.35459998
-100.04903033
-100.23277984
-100.04722963
-100.02801155
-99.74124892
-99.02563290
-98.65247662
-98.16512063
-97.94460637
-98.29804402
-98.71401150
-99.66983826
-100.92757905
-101.45944819
-101.39648545
-99.91277406
-98.27863736
-97.02661696
-95.91889790
-95.43965482
-95.43851515
-95.74030810
-96.79354340
-98.51708580
-100.91791263
-105.04995388
-108.48293173
-105.96082419
-102.19183200
-99.54982091
-98.26309526
-97.52774086
-97.36500522
-98.05204495
-99.20924664
-101.02733331
-104.36367993
-109.63923044
-120.50925315
-113.93069471
-108.36100614
-106.08424893
-104.69576227
-104.67083671
-105.82492534
-107.28865149
-110.08719497
-115.77160659
-124.01281337
-120.72440063
-115.63183495
-114.95818689
-114.49841597
-114.11295926
-114.29059339
-111.22266181
-109.08526881
-107.61054299
-106.17584018
-106.08847782
-107.03481710
-108.49572055
-112.42844514
-123.29496777
-116.20928739
-108.97569204
-105.09645052
-103.27370574
-102.25878033
-101.71973239
-102.15814921
-103.34650167
-104.63211634
-105.94869354
-106.85081210
-106.62341621
-105.72031432
-105.42522920
-106.14454724
-106.83037222
-106.15774249
-104.36667138
-102.60781010
-101.11255532
-100.16728306
-100.34161349
-101.48093464
-103.44115596
-107.10445526
-108.16880028
-104.38642132
-101.34140529
-99.17114271
-98.24916809
-98.10754623
-98.27854564
-98.99123384
-99.51774933
-99.43209821
-99.38741779
-99.15964027
-99.34024198
-100.19181089
-100.80414116
-101.16677692
-100.67868989
-99.60308864
-99.24394569
-99.48183752
-100.58325361
-103.53542045
-109.36180361
-128.90041305
-110.14151491
-105.13053991
-103.68441868
-103.58072497
-104.20108289
-105.10949255
-104.97744365
-103.72432261
-102.68573975
-102.98158068
-104.90677072
-108.21978871
-110.56571983
-107.06094248
-104.02596948
-102.55371825
-102.18129721
-103.33865606
-106.38122409
-110.70928527
-111.92196372
-108.99003711
-107.84545695
-108.70136009
-110.96248689
-115.67300152
-116.80308479
-113.21300129
-111.37519557
-110.87614560
-112.66279239
-112.86998803
-111.05292964
-111.15927024
-112.23063533
-115.45865040
-119.42591455
-114.52189256
-112.08230242
-111.54282177
-111.69958318
-108.52009127
-104.61467771
-101.97585717
-100.76832801
-101.68751925
-105.68126351
-112.65470707
-104.72605876
-99.07604509
-96.55909010
-96.04192510
-96.99468661
-99.85070342
-104.19051281
-101.28273200
-97.65804926
-95.93233198
-95.83659526
-97.71144770
-101.65259354
-105.54814248
-103.37415184
-100.57217249
-100.44733335
-102.92585022
-108.24941712
-117.39364401
-108.79690689
-106.44184099
-106.35292417
-104.90095365
-103.29832872
-101.86114396
-101.58567073
-101.73447955
-99.78696176
-97.80831196
-96.84817737
-97.18767752
-99.55705702
-101.94709634
-99.56179834
-97.07979415
-96.22923341
-97.69687683
-102.92765661
-109.51770774
-102.02872974
-98.87576233
-99.08372779
-103.45997408
-122.36681385
-104.95708929
-100.68577819
-100.53941511
-104.95850727
-132.14260370
-105.39434169
-101.55546172
-101.41629635
-105.33521257
-116.85356073
-107.80493417
-104.93684131
-105.29523255
-108.37218016
-109.08799937
-106.25645670
-106.61261589
-105.46919446
-102.82406009
-101.82133808
-102.73357696
-106.89103399
-105.41163207
-100.55109874
-99.67765416
-102.19409198
-111.72375031
-108.83691731
-101.92274983
-101.83801248
-107.01730361
-107.68160074
-101.64814658
-100.30627220
-104.27776622
-114.52677038
-100.50962143
-97.25438326
-97.44752429
-100.48487597
-102.76767661
-98.31418882
-96.48355587
-97.56543659
-99.63376840
-100.25161104
-99.85730988
-100.05375486
-101.68276382
-102.32068054
-102.71675008
-108.68275656
-111.93331536
-104.55623226
-105.66064309
-123.47290945
-104.21931555
-98.75599818
-98.99749114
-106.77235159
-102.01592063
-96.46904392
-96.16126132
