328.80
328.86
328.92
328.98
329.05
329.11
329.17
329.23
329.30
329.36
329.42
329.48
329.55
329.61
329.67
329.74
329.80
329.86
329.92
329.99
330.05
330.11
330.18
330.24
330.30
330.36
330.43
330.49
330.55
330.62
330.68
330.74
330.81
330.87
330.93
331.00
331.06
331.12
331.19
331.25
331.31
331.38
331.44
331.51
331.57
331.63
331.70
331.76
331.83
331.89
331.95
332.02
332.08
332.15
332.21
332.27
332.34
332.40
332.47
332.53
332.60
332.66
332.72
332.79
332.85
332.92
332.98
333.05
333.11
333.18
333.24
333.31
333.37
333.44
333.50
333.57
333.63
333.70
333.76
333.83
333.89
333.96
334.02
334.09
334.15
334.22
334.28
334.35
334.41
334.48
334.54
334.61
334.67
334.74
334.81
334.87
334.94
335.00
335.07
335.13
335.20
335.27
335.33
335.40
335.46
335.53
335.60
335.66
335.73
335.80
335.86
335.93
335.99
336.06
336.13
336.19
336.26
336.33
336.39
336.46
336.53
336.59
336.66
336.73
336.79
336.86
336.93
336.99
337.06
337.13
337.20
337.26
337.33
337.40
337.46
337.53
337.60
337.67
337.73
337.80
337.87
337.94
338.00
338.07
338.14
338.21
338.27
338.34
338.41
338.48
338.55
338.61
338.68
338.75
338.82
338.89
338.95
339.02
339.09
339.16
339.23
339.30
339.36
339.43
339.50
339.57
339.64
339.71
339.77
339.84
339.91
339.98
340.05
340.12
340.19
340.26
340.33
340.39
340.46
340.53
340.60
340.67
340.74
340.81
340.88
340.95
341.02
341.09
341.16
341.23
341.29
341.36
341.43
341.50
341.57
341.64
341.71
341.78
341.85
341.92
341.99
342.06
342.13
342.20
342.27
342.34
342.41
342.48
342.55
342.62
342.69
342.77
342.84
342.91
342.98
343.05
343.12
343.19
343.26
343.33
343.40
343.47
343.54
343.61
343.69
343.76
343.83
343.90
343.97
344.04
344.11
344.18
344.25
344.33
344.40
344.47
344.54
344.61
344.68
344.76
344.83
344.90
344.97
345.04
345.11
345.19
345.26
345.33
345.40
345.48
345.55
345.62
345.69
345.76
345.84
345.91
345.98
346.05
346.13
346.20
346.27
346.34
346.42
346.49
346.56
346.64
346.71
346.78
346.85
346.93
347.00
347.07
347.15
347.22
347.29
347.37
347.44
347.51
347.59
347.66
347.73
347.81
347.88
347.96
348.03
348.10
348.18
348.25
348.32
348.40
348.47
348.55
348.62
348.69
348.77
348.84
348.92
348.99
349.07
349.14
349.22
349.29
349.36
349.44
349.51
349.59
349.66
349.74
349.81
349.89
349.96
350.04
350.11
350.19
350.26
350.34
350.41
350.49
350.56
350.64
350.72
350.79
350.87
350.94
351.02
351.09
351.17
351.24
351.32
351.40
351.47
351.55
351.62
351.70
351.78
351.85
351.93
352.01
352.08
352.16
352.23
352.31
352.39
352.46
352.54
352.62
352.69
352.77
352.85
352.93
353.00
353.08
353.16
353.23
353.31
353.39
353.47
353.54
353.62
353.70
353.77
353.85
353.93
354.01
354.08
354.16
354.24
354.32
354.40
354.47
354.55
354.63
354.71
354.79
354.86
354.94
355.02
355.10
355.18
355.26
355.33
355.41
355.49
355.57
355.65
355.73
355.81
355.89
355.96
356.04
356.12
356.20
356.28
356.36
356.44
356.52
356.60
356.68
356.76
356.84
356.92
356.99
357.07
357.15
357.23
357.31
357.39
357.47
357.55
357.63
357.71
357.79
357.87
357.95
358.03
358.11
358.20
358.28
358.36
358.44
358.52
358.60
358.68
358.76
358.84
358.92
359.00
359.08
359.16
359.25
359.33
359.41
359.49
359.57
359.65
359.73
359.81
359.90
359.98
360.06
360.14
360.22
360.30
360.39
360.47
360.55
360.63
360.71
360.80
360.88
360.96
361.04
361.13
361.21
361.29
361.37
361.46
361.54
361.62
361.70
361.79
361.87
361.95
362.04
362.12
362.20
362.29
362.37
362.45
362.54
362.62
362.70
362.79
362.87
362.95
363.04
363.12
363.20
363.29
363.37
363.46
363.54
363.62
363.71
363.79
363.88
363.96
364.05
364.13
364.21
364.30
364.38
364.47
364.55
364.64
364.72
364.81
364.89
364.98
365.06
365.15
365.23
365.32
365.40
365.49
365.58
365.66
365.75
365.83
365.92
366.00
366.09
366.18
366.26
366.35
366.43
366.52
366.61
366.69
366.78
366.86
366.95
367.04
367.12
367.21
367.30
367.38
367.47
367.56
367.64
367.73
367.82
367.91
367.99
368.08
368.17
368.25
368.34
368.43
368.52
368.60
368.69
368.78
368.87
368.96
369.04
369.13
369.22
369.31
369.40
369.48
369.57
369.66
369.75
369.84
369.93
370.02
370.10
370.19
370.28
370.37
370.46
370.55
370.64
370.73
370.82
370.90
370.99
371.08
371.17
371.26
371.35
371.44
371.53
371.62
371.71
371.80
371.89
371.98
372.07
372.16
372.25
372.34
372.43
372.52
372.61
372.70
372.79
372.89
372.98
373.07
373.16
373.25
373.34
373.43
373.52
373.61
373.70
373.80
373.89
373.98
374.07
374.16
374.25
374.35
374.44
374.53
374.62
374.71
374.81
374.90
374.99
375.08
375.17
375.27
375.36
375.45
375.54
375.64
375.73
375.82
375.92
376.01
376.10
376.20
376.29
376.38
376.47
376.57
376.66
376.76
376.85
376.94
377.04
377.13
377.22
377.32
377.41
377.51
377.60
377.69
377.79
377.88
377.98
378.07
378.17
378.26
378.36
378.45
378.55
378.64
378.74
378.83
378.93
379.02
379.12
379.21
379.31
379.40
379.50
379.59
379.69
379.79
379.88
379.98
380.07
380.17
380.27
380.36
380.46
380.56
380.65
380.75
380.85
380.94
381.04
381.14
381.23
381.33
381.43
381.52
381.62
381.72
381.82
381.91
382.01
382.11
382.21
382.30
382.40
382.50
382.60
382.70
382.79
382.89
382.99
383.09
383.19
383.29
383.38
383.48
383.58
383.68
383.78
383.88
383.98
384.08
384.18
384.27
384.37
384.47
384.57
384.67
384.77
384.87
384.97
385.07
385.17
385.27
385.37
385.47
385.57
385.67
385.77
385.87
385.97
386.07
386.18
386.28
386.38
386.48
386.58
386.68
386.78
386.88
386.98
387.09
387.19
387.29
387.39
387.49
387.59
387.70
387.80
387.90
388.00
388.10
388.21
388.31
388.41
388.51
388.62
388.72
388.82
388.93
389.03
389.13
389.23
389.34
389.44
389.54
389.65
389.75
389.86
389.96
390.06
390.17
390.27
390.37
390.48
390.58
390.69
390.79
390.90
391.00
391.11
391.21
391.32
391.42
391.53
391.63
391.74
391.84
391.95
392.05
392.16
392.26
392.37
392.47
392.58
392.69
392.79
392.90
393.00
393.11
393.22
393.32
393.43
393.54
393.64
393.75
393.86
393.96
394.07
394.18
394.28
394.39
394.50
394.61
394.71
394.82
394.93
395.04
395.15
395.25
395.36
395.47
395.58
395.69
395.80
395.90
396.01
396.12
396.23
396.34
396.45
396.56
396.67
396.78
396.88
396.99
397.10
397.21
397.32
397.43
397.54
397.65
397.76
397.87
397.98
398.09
398.20
398.31
398.43
398.54
398.65
398.76
398.87
398.98
399.09
399.20
399.31
399.43
399.54
399.65
399.76
399.87
399.98
400.10
400.21
400.32
400.43
400.55
400.66
400.77
400.88
401.00
401.11
401.22
401.33
401.45
401.56
401.67
401.79
401.90
402.02
402.13
402.24
402.36
402.47
402.58
402.70
402.81
402.93
403.04
403.16
403.27
403.39
403.50
403.62
403.73
403.85
403.96
404.08
404.19
404.31
404.42
404.54
404.66
404.77
404.89
405.00
405.12
405.24
405.35
405.47
405.59
405.70
405.82
405.94
406.05
406.17
406.29
406.41
406.52
406.64
406.76
406.88
407.00
407.11
407.23
407.35
407.47
407.59
407.71
407.82
407.94
408.06
408.18
408.30
408.42
408.54
408.66
408.78
408.90
409.02
409.14
409.26
409.38
409.50
409.62
409.74
409.86
409.98
410.10
410.22
410.34
410.46
410.58
410.70
410.82
410.95
411.07
411.19
411.31
411.43
411.55
411.68
411.80
411.92
412.04
412.17
412.29
412.41
412.53
412.66
412.78
412.90
413.03
413.15
413.27
413.40
413.52
413.64
413.77
413.89
414.02
414.14
414.26
414.39
414.51
414.64
414.76
414.89
415.01
415.14
415.26
415.39
415.51
415.64
415.77
415.89
416.02
416.14
416.27
416.40
416.52
416.65
416.78
416.90
417.03
417.16
417.28
417.41
417.54
417.66
417.79
417.92
418.05
418.18
418.30
418.43
418.56
418.69
418.82
418.95
419.07
419.20
419.33
419.46
419.59
419.72
419.85
419.98
420.11
420.24
420.37
420.50
420.63
420.76
420.89
421.02
421.15
421.28
421.41
421.54
421.67
421.81
421.94
422.07
422.20
422.33
422.46
422.60
422.73
422.86
422.99
423.13
423.26
423.39
423.52
423.66
423.79
423.92
424.06
424.19
424.32
424.46
424.59
424.73
424.86
424.99
425.13
425.26
425.40
425.53
425.67
425.80
425.94
426.07
426.21
426.34
426.48
426.61
426.75
426.89
427.02
427.16
427.30
427.43
427.57
427.71
427.84
427.98
428.12
428.25
428.39
428.53
428.67
428.81
428.94
429.08
429.22
429.36
429.50
429.64
429.77
429.91
430.05
430.19
430.33
430.47
430.61
430.75
430.89
431.03
431.17
431.31
431.45
431.59
431.73
431.87
432.01
432.16
432.30
432.44
432.58
432.72
432.86
433.01
433.15
433.29
433.43
433.58
433.72
433.86
434.00
434.15
434.29
434.43
434.58
434.72
434.86
435.01
435.15
435.30
435.44
435.59
435.73
435.88
436.02
436.17
436.31
436.46
436.60
436.75
436.89
437.04
437.19
437.33
437.48
437.63
437.77
437.92
438.07
438.21
438.36
438.51
438.66
438.80
438.95
439.10
439.25
439.40
439.54
439.69
439.84
439.99
440.14
440.29
440.44
440.59
440.74
440.89
441.04
441.19
441.34
441.49
441.64
441.79
441.94
442.09
442.24
442.40
442.55
442.70
442.85
443.00
443.16
443.31
443.46
443.61
443.77
443.92
444.07
444.23
444.38
444.53
444.69
444.84
444.99
445.15
445.30
445.46
445.61
445.77
445.92
446.08
446.23
446.39
446.54
446.70
446.86
447.01
447.17
447.33
447.48
447.64
447.80
447.95
448.11
448.27
448.43
448.58
448.74
448.90
449.06
449.22
449.38
449.53
449.69
449.85
450.01
450.17
450.33
450.49
450.65
450.81
450.97
451.13
451.29
451.45
451.62
451.78
451.94
452.10
452.26
452.42
452.59
452.75
452.91
453.07
453.24
453.40
453.56
453.73
453.89
454.05
454.22
454.38
454.55
454.71
454.87
455.04
455.20
455.37
455.53
455.70
455.87
456.03
456.20
456.36
456.53
456.70
456.86
457.03
457.20
457.37
457.53
457.70
457.87
458.04
458.20
458.37
458.54
458.71
458.88
459.05
459.22
459.39
459.56
459.73
459.90
460.07
460.24
460.41
460.58
460.75
460.92
461.09
461.27
461.44
461.61
461.78
461.95
462.13
462.30
462.47
462.65
462.82
462.99
463.17
463.34
463.51
463.69
463.86
464.04
464.21
464.39
464.56
464.74
464.92
465.09
465.27
465.44
465.62
465.80
465.97
466.15
466.33
466.51
466.68
466.86
467.04
467.22
467.40
467.58
467.75
467.93
468.11
468.29
468.47
468.65
468.83
469.01
469.19
469.37
469.56
469.74
469.92
470.10
470.28
470.46
470.65
470.83
471.01
471.20
471.38
471.56
471.75
471.93
472.11
472.30
472.48
472.67
472.85
473.04
473.22
473.41
473.59
473.78
473.97
474.15
474.34
474.53
474.71
474.90
475.09
475.28
475.46
475.65
475.84
476.03
476.22
476.41
476.60
476.79
476.98
477.17
477.36
477.55
477.74
477.93
478.12
478.31
478.50
478.69
478.89
479.08
479.27
479.46
479.66
479.85
480.04
480.24
480.43
480.62
480.82
481.01
481.21
481.40
481.60
481.79
481.99
482.19
482.38
482.58
482.78
482.97
483.17
483.37
483.57
483.76
483.96
484.16
484.36
484.56
484.76
484.96
485.16
485.36
485.56
485.76
485.96
486.16
486.36
486.56
486.76
486.97
487.17
487.37
487.57
487.78
487.98
488.18
488.39
488.59
488.79
489.00
489.20
489.41
489.61
489.82
490.03
490.23
490.44
490.64
490.85
491.06
491.27
491.47
491.68
491.89
492.10
492.31
492.52
492.72
492.93
493.14
493.35
493.56
493.77
493.99
494.20
494.41
494.62
494.83
495.04
495.26
495.47
495.68
495.89
496.11
496.32
496.54
496.75
496.97
497.18
497.40
497.61
497.83
498.04
498.26
498.48
498.69
498.91
499.13
499.35
499.56
499.78
500.00
